645383
5023450
9600375
7908733
10184637
7820926
8660428
8079752
7517661
9859616
9114697
4354459
8940471
9341278
7631945
8415974
9799991
9904155
8513627
8358443
8897175
6861901
7719892
9309273
6661832
6001775
766433
9114343
2658740
166691
8027948
7390913
9863725
6077122
3772365
6235069
7049293
9959975
6429917
9268841
4629486
10002533
4592004
6294938
10147064
8864720
5671567
7436189
10102060
7572281
8955163
9921840
9618524
455724
7797314
5410875
10152039
435623
7725259
7092995
9109609
10104821
6854722
7447267
3422381
8952512
9756165
10165711
1579590
4155996
7986095
6459671
9347346
8566785
53415
4411879
10191397
9766419
9696250
186006
3294230
3868855
9803758
8156511
3989148
9632682
9856490
7963427
10003645
7524660
9341661
6989907
1765525
7389402
6158791
5348290
3781297
8230958
9035660
7554128
7225693
3547027
8891655
8510936
2648758
8914167
529768
9342067
6237255
10059268
9693013
8822810
6880550
673179
10054853
723000
9251049
9107870
9323453
7287648
8644039
5420797
6083579
9591179
8800126
5145772
3539251
5284447
10132120
10196810
4873853
204464
9270068
64462
6158812
5946718
8189929
235332
8169784
10160407
8026930
3518685
2371387
8391043
297077
7139874
9167250
2727603
2631957
3969782
9380869
10260297
9473849
4437574
7457705
9307913
8887762
499334
5821777
2521074
10134570
4685014
5678485
2887151
4150217
6658243
9282894
9048806
242653
3508682
2751266
1550114
9511310
2799563
8197903
6695140
4866815
6538197
10055131
9704094
9805421
7910084
7841076
6831811
6911461
8762062
6446727
56820
8937659
9371209
2807953
6050154
8770819
8557261
8856583
7285617
8064130
7447367
9617665
6918082
9680288
6571993
8864274
6797968
6100740
7552798
499012
8911783
7126943
8940303
7576776
8189556
5336691
7572817
9685228
10208479
7518967
9294913
9251559
10059230
8136568
9669822
2979753
10087793
9799076
9381984
91194
10262106
10098880
8361654
10199458
10218855
9649350
4044052
10169892
9572367
4546653
5802225
9106604
9974773
2238757
4007675
9884480
9825558
6230798
9891708
1070235
705928
8191592
1946752
2298974
9258220
10105493
10250221
1217398
9638048
8020358
1453168
8410640
7864439
5943761
3593752
5383805
5304164
6211259
6560403
7697282
8567693
8555733
9014762
5250300
8539459
6236500
7451726
4609948
5757510
8753587
7659053
9441844
6782816
2458413
8164408
1947983
628494
9501193
10185393
9935620
10265703
7433295
6723429
5892155
9859502
5742140
6894259
10206034
6858247
9701866
5787812
9724760
4042338
9995662
9297469
4794220
8937241
1204710
6589061
9840375
1576800
10229509
2006808
4381496
4541232
9761679
5653189
5981473
445707
9437313
415459
2246185
8017523
9634099
9316399
6833862
703145
746383
10174989
2836801
5756653
4178592
4548589
9146956
3599821
4996289
5691361
9770072
10182746
3721644
9543132
6585031
4016771
8154957
6296150
6760326
457300
9795654
8891634
3315093
6407931
7730382
7141172
10195683
10162547
9959361
8934341
9600841
5037319
2950357
3985033
9994900
9709538
4996448
7556276
10001609
10165876
9779754
8177820
10075326
6004054
7284906
8881352
8320819
6141335
5920735
9246586
6158951
8735683
8896111
7933682
8046071
6143682
9925259
9563489
7071805
6168176
9560028
10084428
4695879
8130849
9811110
9461778
7948521
5128890
6153764
6169194
10184274
7361666
6465641
9155066
8784080
5246146
4278604
7513139
5434293
7753178
5407857
296938
1241589
8891378
9491824
120203
5272696
2062443
9295623
9697706
7309345
5780094
10267916
3874144
9706813
2424421
8732372
9790143
2714069
7948445
4819174
9539585
4926349
9049409
6772420
6979601
5402666
9953912
3299318
8699981
5180701
3283275
9414112
9753155
7671637
3614897
10076164
6680138
10164140
9615972
3244200
6604543
10050162
8363799
9251614
7762003
6126526
6645880
9705777
10057399
10073499
9523912
8839077
6489734
5887639
8989879
10168305
6051007
9307432
2561620
9225055
3026615
8089320
10043297
7520643
9952721
5842441
5145170
8748142
1445623
6774847
8980268
9914459
6219541
881441
7946276
7609770
3658913
8515191
9179181
6924202
9212110
10124872
7130883
9156853
9550049
3118884
3159248
9130892
9979669
4900335
8935552
10053878
10082513
9436547
8679456
105820
8407277
8568555
6312071
8818987
3488301
5878153
7699895
5278128
8824834
8187615
8098523
9329339
9425646
8804974
7091494
7098800
7465483
8718194
804894
8155670
6172875
7944896
3646370
9662013
2679500
6183502
10273683
2700966
5874172
8476495
5725614
3502685
8665016
4935707
5067741
687390
5749761
8691343
27570
4836920
1131579
542441
9924672
329977
5143022
7412078
5847020
5670243
10247907
8893335
8537107
7328031
1862800
9017357
9945912
7672189
1766887
4260424
9736192
9295206
9297444
8428879
10199896
7357684
8811106
9675338
303935
10001021
9268003
365094
9132252
5066842
1941460
8098297
8511826
8754714
10051627
5941602
9454762
9311610
8309997
8673629
596637
8017695
5227322
9906109
4919664
3896567
8057498
158538
10218672
7712668
8678531
8335320
2870343
4581211
8594365
6380732
8748475
1630565
1358931
2615698
8912623
9554602
3400086
3382837
7773000
9572530
9795321
2973565
852607
10274262
9694445
3965312
9975955
10109320
6437882
5151926
7473228
3823444
8775753
2720897
1877638
6194009
10016416
5046012
6427355
9539169
7360519
8559466
10162878
8407974
10162277
3277283
7068516
7515389
9452838
9564426
6165855
3062287
7996509
5722157
5832643
276889
8877461
9437317
7547476
135585
7774007
10017747
8512320
9783526
4345611
10277771
229885
5168044
9337265
4247516
9685643
7010443
9864280
8180877
10209660
5131984
5451831
8682491
10115371
7720409
10252410
4655262
3579317
8497110
4455822
10067829
4195255
10275889
5409088
8668315
6106079
7769763
4761480
8619726
10229320
9466967
3606612
8422811
9307945
9177693
7781028
8928575
4478843
1357080
3527577
4446905
8730958
10173818
1708365
9811588
10094193
7129154
2662213
9063648
8148194
190750
8937645
9350862
9208543
9288957
8647626
6525398
6974492
8174391
6534366
7796244
3661384
8901025
9221897
6383978
477718
4917281
954683
8239718
891153
9633574
8606976
3054560
8022195
8217948
4512579
9657049
8398680
5859025
6775451
5027645
5363823
3628501
6962626
3397630
7587153
3195255
8483240
5997670
9000278
1115528
8120616
10038555
8369972
9514012
1919347
10251900
7818162
472846
6437670
9408865
8453146
8609734
9460536
10272762
342862
3379092
7299733
9813419
7753643
8153345
6987687
5269896
6378178
9397759
7520154
1610703
788149
9849333
9864035
7196461
4943935
3624639
9307860
4403150
9748967
8378507
2731455
4728023
6124369
8900299
9027796
8750389
8479428
9886044
6714917
3044091
9744152
10043706
3514993
10005806
5052537
10203687
10017087
8676051
6723963
9472390
4883737
9005897
8094647
55214
3732147
7975350
9375346
1871374
7191709
2275277
1428909
5197796
5860694
5273867
8451034
7948814
1260337
9279535
7308377
4877829
6197662
7472048
9647506
9075492
9768544
4428664
9241538
7801543
9756398
6279294
1635552
2960464
9911748
8852068
9877360
184538
9782157
6336483
6072348
3793823
9196599
1526954
2933329
7833659
4575076
10023338
5980427
6484497
9880437
9188203
9856182
20186
7910112
1998641
8555924
5018693
4936081
10031893
7069539
7623819
9888315
1884655
8474889
4508807
9953287
9602598
6702641
3359843
6368383
8969909
9650373
7360139
3849164
9795307
7115205
9680561
1618314
776690
3544601
9176820
7224783
1647375
5980323
6719426
7499534
6976132
7039009
4760911
9784778
783909
8460703
9603144
6969112
8178014
2584641
7938239
5722024
4399880
9561109
8609725
5961527
9050559
3788965
10217908
8625883
461715
8523993
10140394
5799615
5473643
3262656
96359
9989270
4032434
8008673
6314311
443278
9119056
10150823
7317621
3705252
2580799
8950870
5512269
7402718
10094978
2675479
743160
7316629
5728182
8043001
6398456
5686354
9986024
9668618
6446956
8928950
2353630
7179906
8216491
10110649
10199255
9460415
1268778
2961688
5675131
4407713
4872510
10074623
6434324
7822365
9827199
10193725
7209289
2974731
3415333
9813577
9602343
5069154
3881220
6984740
1691989
8014790
8923407
2525802
8680522
10246099
10242637
277999
2798874
9294456
9179592
592008
9456842
9226369
10214754
5368350
403718
1110012
5660589
2630692
8184122
10136786
9803346
2961459
4959860
7301812
4967352
2884274
445054
1887361
9224324
9663016
8759521
9601176
9835726
8659796
8019806
8711552
3655536
10093545
8669587
32483
9652719
8039323
10151648
5114222
9555610
9295492
9420352
8882697
3366439
619992
3113223
8536627
9897878
9286366
9162652
2653402
8852339
5049808
5446393
9607772
6963637
3571019
8661910
7871189
179546
2060337
8195774
10232142
8160928
5412518
28942
7305270
8872941
3025997
4525145
9683877
9764908
333723
7861263
5093100
8757261
4905006
9702234
9706952
8867636
10066840
1290758
5646706
10145061
8637804
4038244
4589046
9736152
8920313
8658046
9647510
1389397
8782735
2902445
9478125
9369517
7239477
6518265
8659795
3341551
8021703
9965136
9081000
9313828
162905
9825844
454327
4568687
7058442
4308117
6073249
8813570
8090893
4876972
7969580
8564461
9683245
10193276
2365
9851924
7175213
6905228
9698428
2905265
5916494
7126753
6304154
8325106
9748211
5796166
9221963
4741032
4020773
9849238
9391043
9330981
9431309
1109482
6892283
8684468
9566785
1347002
7874361
7876344
3856098
8740203
6243442
4876540
2887885
9853150
6997924
4889787
7954333
8603714
6143877
10244082
9939864
10198137
9867479
8657974
6291085
9643232
9307389
10247384
9355165
3201466
3016917
5053808
8533024
9305451
158181
4620117
8358010
9198205
9321384
6496386
9921070
6062499
5076917
9707634
8582595
8817747
8750781
8895464
3187395
914077
8733839
174705
9444583
6274413
8370160
9902019
9398638
5693940
9685114
8928038
4329706
7088102
6403255
4323048
2603916
8213077
7212404
3236394
1270117
5475809
9908883
9265375
6445392
8537066
7988573
6437033
3388414
5721307
9428505
8521701
9157130
10115036
8342710
9661338
9724344
4888514
8629629
1647887
9121447
8870153
6726329
10070313
8937122
7776345
6361210
1128434
7787097
405717
3963636
5501274
5262568
8079355
8529956
7134446
5560525
8622199
4419256
8777093
1545366
5655830
10010539
9275609
8685804
7356788
8596589
6566021
8755318
8113922
8939603
9730794
9211176
9594679
9850340
8103280
3805931
9467671
8841308
7474508
6713764
6907370
448512
8017845
6206985
9734999
8703380
19153
1361574
10182436
9673323
6175008
5881474
7194828
8182570
9852933
9606773
6768164
7774138
6118994
8446267
5213934
9231599
5869659
5860295
6649633
9515026
8766184
766577
7099900
7765506
6117415
8673152
8213218
6555082
8362863
10231543
8545106
5397493
7252996
9138794
9875792
4810535
1447073
7972139
8530319
1793292
2021289
9615980
8991599
8219819
10107265
8336665
10179465
9796817
47070
8215530
10259710
7734151
6925043
8691788
3573529
7542878
7951903
9424697
9278784
8964089
9486630
4525340
9963218
6688079
8121572
4395418
7932763
5427136
8433473
9968790
4172643
3630659
1579881
4995749
8791251
2583398
5794799
5819222
9267627
8915334
8625629
8167667
5420899
4522439
3533733
3935543
3583812
8142729
2377340
4140861
1666795
9930694
7272563
3960206
4202224
9623949
9292665
8525356
8009134
9073897
5465496
8544691
8662913
6242255
5668729
8387244
9849501
9884113
8661
8404499
7802585
2401830
8561891
5692262
6454783
1341597
7092984
7256426
9736077
9567057
8631161
9373810
7898861
5193985
7110234
10051514
6762874
8665086
4270503
2568203
3638553
9505676
6550517
8912658
8934786
8920222
4624097
10211946
9920415
7265430
7027329
10270625
4828394
5817417
7232854
7158177
4813296
6374262
7287945
5658983
1917891
8929112
9891811
625483
5817614
4938572
9196071
10036549
7226803
8386152
8623645
1513200
5152035
5006615
9788691
3523564
10072541
10054827
2975850
9770106
8129106
1364841
9247186
8423469
9999469
9183906
7489374
10235939
5483898
9167336
1105872
8663719
8566914
6610286
1960776
8204803
5824795
848328
3968177
3858495
8329735
6371216
10112591
6689234
4862228
10120117
6826265
4300469
29672
6011823
3545824
10268113
643252
41525
285001
2607048
9690575
2386390
8596739
6575158
9683719
6723828
6111878
8681070
5370081
3120553
9987006
4634194
8653041
9351477
2600521
5998726
4854124
9688768
434372
1631224
10149694
1710813
769514
6784464
4261329
9273916
9102561
8673836
4871241
1870395
7434596
5591006
9857044
4303163
9052537
2605495
9567072
6594040
8106719
5268003
4943675
7130483
9179457
9688733
6827541
7061647
2905528
8315297
8504915
4504598
7550453
1031389
9113641
10242465
2055312
3847410
8542620
2503372
1383141
8142574
9819979
7747041
9898522
5397418
5458932
6115176
7443112
5800286
10192020
3274453
247661
9616766
8006793
9589658
6243689
7992785
7574381
9882173
9150121
9341413
8624345
6299963
4678013
9443947
9477860
8062558
3107684
3286373
9677475
8147312
6998271
9074914
9313150
9809000
4547540
9024353
9424922
9483991
8043495
3989704
9845902
10088393
8176828
7956793
8525767
6232691
9999041
1193342
8997253
7676311
8851754
6304638
6164551
9409229
8933572
6741823
6858554
4448375
9112201
6723335
2766979
7992359
5745981
9205959
3989961
1368076
7650009
9619697
7317849
1130898
4718489
4887738
7613079
2510689
6306181
8892644
10265945
8188673
7682256
573771
5051423
9907691
5199364
9854744
7087248
9502306
2095639
8859926
8352742
206808
10274403
9846967
4197077
9466607
136593
5153902
3564691
2006846
8097028
8236930
1242892
9834739
8535856
3498369
6120989
8136430
7559969
10182426
8164006
9145728
587411
8747477
217795
1921484
4520600
8358284
3077359
9454253
8072377
7792586
9096153
6147440
4854141
6556328
9299570
6782878
8026859
5049295
1345794
10019578
9204888
8196596
9300543
9337319
8660426
7780184
9678213
6870868
4352444
6670313
4639036
8034469
4883664
3577040
9103654
7508856
9435573
10160885
10133486
6297745
7197453
7749595
4582942
7271057
5855118
8382573
8653486
307653
4401162
10277137
9849270
8158353
2572771
4266920
6022272
8346251
4355661
9911225
6885106
5971605
6717501
6478189
10223586
8916148
864113
577521
4924995
3430615
9914421
183009
9030313
7734112
9820469
8081709
2048550
1989815
5453588
7432983
260293
6827730
7871154
9070398
5174337
8821988
8087989
1964094
7072634
5912743
8188134
5509745
9419919
108464
5729843
10081275
12058
8143542
2361255
7303814
9258184
5815978
9132412
8683953
9336738
1577218
9758467
6158788
9245014
9932330
4495711
2211223
5586603
10226135
7106398
8039049
1067704
5692075
366582
10168826
4747051
7852536
7457162
9002824
4003218
5425975
9297111
141748
7431003
2902421
7498296
9754130
10176695
5536266
10249971
9319610
1025784
5708802
9802929
4143360
4503757
8062501
9169160
8587106
5572299
8811091
10224117
2003000
5681559
7645345
9330882
3893896
7293787
4620777
3533060
9851639
9925921
7033797
9971497
9704365
4052510
4383895
10185636
10256705
9847436
9810642
433830
4498198
3591353
6662535
9594029
6139812
3531893
8842848
8598908
9821199
6403038
9670270
23182
10038670
5007804
8046591
9413475
9135211
8197995
2407934
8371662
7726199
8930114
1148779
6565615
9821301
5277723
10063302
8211519
9736762
1519544
4047761
8218629
9445843
9395346
6643731
7624042
3449840
8171021
9855851
2850477
9837767
9918853
10209134
9134973
8095617
6746443
7778515
845181
8794022
8082654
8071959
2400515
8700054
3439355
7963429
8409065
3389432
4821091
10101981
10148210
9762729
3965070
1394214
8309459
8674440
1187003
9763969
7876422
7319622
6774670
9835979
4009568
7953386
7383249
8051141
7806170
9451144
9353256
1167207
8497657
9509970
6257501
7255819
8579585
9336304
10089236
7415600
4283842
8714039
5935716
8895019
9131246
3773828
6146537
5282236
9564757
6632154
8022070
2012033
1135780
2013420
7476736
7871918
8005597
7648942
5399295
7166848
10198385
6674284
6831103
914034
5761414
8983385
9845396
9217635
6768512
5994563
4383841
8860418
10044377
191343
7187463
7213818
8938772
10068020
3231034
8293622
2119378
2240163
254891
9251423
5240145
8082299
8480268
7723046
5776286
10221627
5912145
9941231
3895571
6623193
9884353
9390419
7402066
512694
9663060
1129115
8932474
4983295
245010
7780187
10011775
3839645
10000384
8694919
2196616
5844083
1948892
9937877
6813831
1546429
80221
1724444
9700519
8868808
2885327
8786104
9246223
7531676
8406311
9319828
4772603
1327116
8734103
3551150
9500630
2186292
525298
8693622
9971641
1251379
4774269
10217684
9811973
183148
4042507
8009422
9614780
9135788
5392224
974497
9507345
10127860
9467674
2919058
8769340
9999846
8831398
1238884
9786937
4814825
8022387
67073
8655741
4642784
6823939
7027966
7486817
8721848
2731262
454089
7962821
9177737
7026170
6482567
7910019
7445092
9841551
24951
9461561
4114134
33411
5077940
9236985
6881880
6170546
6484106
10065988
9576247
7930265
7294839
1907248
5476853
2083360
9305741
9374013
8676994
7203432
8158391
9748135
8846861
8551702
9235244
3691200
7589051
8863281
5155694
3650369
1037123
4462983
7013572
10251233
688928
7557376
6469168
2675150
7125195
9906820
5396478
8478806
9355453
8777900
7449459
9073274
8349580
4762191
2020583
8499389
10192075
10192110
6027031
9249336
9036371
7748483
2475671
9969761
6061784
3144380
18738
3222855
2637170
8765944
4447516
6961803
10112242
1702832
8392466
5694080
2270573
5824641
8000373
10093962
8906134
814616
3232130
9414688
897580
7218201
9127550
4520363
9849273
3674831
5767948
9904998
9769907
10064661
1276678
4701291
10092229
9391681
10011841
3835506
8915388
5946657
10252982
9803027
9187273
7927978
6035786
7713301
8878225
5729010
2181463
4410520
6490267
9233795
4708883
2535413
6693184
10221125
5077244
9308867
9906188
9958083
10119282
18026
7428571
8062086
1080958
8609664
4675905
9334755
8533400
5866966
8993702
9131120
9218339
736812
5792108
8518285
6627493
9839175
10124987
10184469
9881479
9240547
5671849
3868722
2164248
2385982
6197322
7914990
8426859
2313276
3289767
3083832
7972207
5773293
8557186
7494996
4411138
6091140
1708871
9850710
5404896
5418655
5729946
9928427
8114691
9086050
8620621
8933491
348966
10014155
10071154
6055691
5414569
4836567
10140597
9731106
8770973
9840112
9642888
7178542
10031623
9117808
3581660
9385303
10257300
5549631
9412283
9978537
8752302
6656756
2657156
4063053
709617
8783295
8559935
8634199
9801830
8583597
8606261
748006
1126667
5809980
8996433
1454941
238662
9659381
6490939
9637916
9696309
5404296
7869038
10080524
7231463
10012787
8767329
9344353
9532906
5940738
8182907
19221
7443974
6198924
6600257
8310789
3493520
9242042
10248728
8009831
1789073
6909088
10132574
4366451
10122833
9626257
8160762
5196279
5023820
10021021
9947386
7347891
7813287
8937179
6093470
9995177
7388228
10077294
8979160
8777800
8149935
8032251
5687694
130568
10198756
5103747
5224148
6022797
4416748
4357478
2277202
1651034
9475212
9173910
6336432
9296316
7089329
9712940
7021708
9127298
9659823
3926617
8159029
8863564
4201709
9418181
7235226
8642567
3600622
8908320
9793823
9837628
8662994
9118737
9535110
7126211
6259901
5553474
8613127
9890658
1378244
8121444
5847151
1909270
2484165
8842747
1207484
9155576
4081890
534642
6191463
8016982
9832877
9676739
8055931
8923221
4779812
7515075
9651388
9893096
7066082
8850173
9587495
7232729
9011119
8663298
1797212
7226113
8193953
7627529
9302967
3625941
8656899
9883044
1106731
6763280
5482230
3821977
9640025
8763988
7058235
6731536
10102549
310244
9304546
1797920
5105870
7448331
8042524
8085032
3358632
9409088
4541824
514102
5789491
3930084
3753772
9387381
10138191
9480003
9587603
9470500
151728
9867349
4672386
9284181
884444
5184493
8897013
7287326
7825501
3726488
1711932
4123114
1907518
9839404
236417
7894176
9591157
2176436
9845811
8622942
9900637
5752465
146234
8408511
8368921
5423815
8777555
3324157
1351090
7668668
8805944
10101918
9677961
9008073
6052380
9488386
8660605
6867102
1991591
9493776
8664983
10027338
7718926
5686272
10182660
1363878
6677731
10138385
8025259
8905842
9329360
9588903
6032947
4552617
5197742
7137048
7037595
10273160
5802488
7092483
10270508
6715139
7538996
6717276
9920029
4314737
7552940
9727800
7922050
3545931
9986409
10082290
8758591
474835
8725209
10138538
8628720
8937168
8660950
3446509
6385432
9170541
610060
10241420
3603986
2893754
9411478
1066765
5106242
10070438
9683105
6830764
6999435
6052193
5875641
4034660
1172692
9475161
7032512
5398934
1607607
5973625
8766563
5421922
8563994
9779470
9217280
3384269
8086618
9413946
9846172
8898232
9462709
7142102
8821100
8123063
5123145
6309413
6369154
4696044
6353514
2048300
10007679
6841587
6606195
8221180
7485059
7441978
8060203
2719614
878347
9991915
9104727
2735377
6738759
9649980
6236997
9950660
8168934
7150853
6434658
8696683
7493996
9983718
9119967
9819931
7972639
8721744
4919409
5494326
9617675
9715178
9925041
5000891
5046798
7131576
9649570
4795780
807771
4907296
6784051
9843241
7340757
5305773
8583673
8838612
7968524
8020385
8954713
5007658
3629523
8378719
9753792
8549093
6070707
8055001
6652148
9314877
9177296
10273152
1961870
6650611
8158322
257358
9500234
7399200
7464944
10125142
10001150
2192046
7346118
6493354
9737474
1931984
6206312
7272331
8865296
8799768
10049872
5998321
9683167
5712231
7053453
5107395
5781048
8655793
9943362
35217
2065929
7736405
3088210
3085377
3837615
9925879
9621736
5999390
9179290
9711636
4726967
10250793
5462240
8712243
4268803
2595666
2449576
7573089
916088
8519083
7311115
5460666
8158107
9753915
7162164
10035149
9697386
8533356
10008344
5432639
6213543
3267372
8846126
9569451
6665174
4961850
6377552
322564
4644401
6825739
9028876
6588539
8941292
1088537
3961272
10067891
9335064
10163485
8868996
8688916
9945845
9578434
8365221
1404938
9949037
8792029
8507276
9992989
8580321
8891326
4848987
10064294
152057
8926173
1504875
9057763
9199046
5696448
1820912
7907323
265102
1732345
1132315
6370705
9677428
9954395
2661854
5511725
2915742
3208409
7532646
5699497
7332082
9204318
1352703
2332697
7503333
7461666
6283511
9405373
3525768
2224033
7333183
135494
9766949
10063299
4470132
7956260
7742318
3321258
2778336
8126406
8719767
8756540
4376526
6828916
10125415
5347679
8804100
2110412
9693958
9937861
10006309
8329695
8670008
5173233
1258951
9472246
6485046
4153497
3645189
7080264
4733663
2906802
6270288
1957231
9102887
7473786
8021301
9775322
6200235
10019297
6518084
9238785
10189487
4165954
977036
9515505
9527996
10220263
4461135
6854293
5617815
4007680
269083
8047913
5758048
8705473
4675153
10211368
7017968
5475281
9550648
5403916
5240525
8633753
2304331
10060827
3382430
3766234
9603342
5981617
7183283
5256752
9664334
7780860
5647648
5549220
2315294
9883577
7938432
7511602
5517218
9847679
7124548
8352969
8622441
9841351
2933157
9840283
9040261
2394496
7156236
3877202
9767036
9299084
6814004
9490327
9210633
1998203
9138376
8214194
8326325
5849226
9771961
781596
10215256
9617716
8922894
6130924
6657758
7939851
8587292
9434840
9903412
9985816
7219895
5482545
6167275
8336820
4798449
8494581
3774786
8513467
9226333
9574838
8762619
9553154
9986903
2763193
7208164
4320511
5210313
2137805
8564656
10099919
5159549
9246120
276175
4655750
9467950
9174108
6742263
6644426
3239762
3169370
10080404
8131561
5179675
175311
8819246
3853469
5777370
3611074
7713083
9214382
3792353
149517
8559095
3472304
8834946
2784677
9589453
8818202
9230463
9332701
9074161
8494226
544253
1119950
8099229
7942578
8795384
9977017
6641262
7555786
9093420
4816459
10095017
6774576
8494159
2589462
8427681
10227173
9452202
9328102
9788730
1885764
4399142
9937703
3561918
4632035
559457
8536924
2766559
8218872
9338521
9954022
10107518
10110925
4193364
10254870
5466552
6383532
9145431
8626834
8607739
8634234
9306516
8610320
9690189
3361684
8677605
2215446
7375530
9835389
9231764
9017605
503963
6032405
10142795
9467700
1244261
10243387
2577650
7804699
9054036
2656956
7117896
8876670
8580587
9191191
8215730
1446627
10048313
8881921
7917426
2250
113541
471131
8508078
1888179
9990961
7593679
8513560
6642005
8453159
3925287
3624356
5342102
9566468
1232217
10023116
4683450
3770599
9647375
9816204
10178924
3562504
50683
2196647
8679670
6466456
10191470
3685947
5745386
5454446
8615209
6123380
8525988
1736876
5571790
10123222
5470260
8197184
10227668
4867054
597744
9381735
8615898
2222460
9554776
1264036
85848
4728005
9533886
6830351
6088734
9628909
7980566
9283351
402906
9898554
6060610
9367209
87728
6171336
9871763
4826685
4883801
7917717
5973950
2652249
681457
7294119
9109132
7728430
9974374
1280190
7573034
4376802
7726424
6661400
9289352
9995630
6332928
1175256
4567722
4715578
10006304
8897507
2486601
4481457
9589188
6472647
4797043
7208753
9002172
9768761
9803156
4785111
3213685
6620213
3033625
10058323
8708427
10159605
6799679
3152275
8924136
10203835
5890397
8145088
5387938
3093802
8820202
6628581
10137423
10068061
8853669
8128006
308133
2095027
8019758
9831838
1596938
5867615
5476246
8712853
201356
10169357
8153915
6344220
5575615
8066437
9953946
10249580
7527656
9641826
4254115
9433635
176292
8346099
8317666
8411456
10158000
9414867
8597670
118429
9817223
4913424
9709085
5466614
6148289
8420800
8054796
9900099
6750609
8495001
6713020
717256
8891888
5750801
1932329
2699804
7487264
6089292
10167907
6196721
9841385
10142394
5906225
10133697
4186980
527178
8931035
6926151
5383358
8390396
5867438
8352437
3806100
10245481
8749969
1656447
5712685
9371661
7549476
8168163
7517562
7301276
7274727
10114923
10245886
8010423
3024715
10250380
8585809
10219402
6409443
9073577
6138327
7679615
30995
3800761
2810310
4720680
5452516
5260619
9813499
9881184
6307738
9877878
6438034
10005039
7562692
2009508
9451129
8611605
7610867
6399932
7281930
10240360
6269046
8664766
4486157
172605
7780005
6299715
8814811
3243646
9588363
8744496
1130835
5671685
1987470
10124386
10169166
5925792
6418340
283317
2901756
6148570
4969902
2537523
4806565
8526914
9748716
214940
7339744
10125052
5823598
9146695
5593536
8335223
52948
8825291
8952730
9910102
1430236
9709983
10136413
7561877
1835685
8411258
8207719
3040211
9256886
4795329
319879
8242399
10265608
6482865
7230126
9425545
8758450
6680131
6598415
5736530
10271805
6780218
4685573
8692828
9666769
9043712
4079029
8476569
6555618
8508506
9467516
7212439
4000504
426340
7988084
9854894
2102374
8608724
2626505
9969751
4188831
2417927
9449980
8392485
9907166
6344106
7281167
9677630
9640847
9704216
7036256
9531614
6077141
7828569
9372581
6246374
8746425
9830631
8557767
5918583
2310642
9417195
6635546
9993021
8628356
6166011
7015899
523895
10238136
4623845
9927131
1445432
6001256
6205893
5221761
8439294
1318078
343464
6149345
9823604
3785542
312516
1445695
1810527
8194415
9427104
223049
10001152
9522852
9293226
6766430
8824113
668564
8507551
9710619
10123866
702877
8199345
4409287
9231329
4284998
8312675
10006601
3895094
3978534
11429
5690713
9235726
8196169
9528000
5655827
3418239
9279874
557315
8931455
1543667
3914806
6484469
6580205
6824198
9331712
2524388
10190490
8205632
8603513
3155908
151670
7691208
4550608
4586180
7393226
7115568
8117850
4476595
7246457
9882892
2414641
9305370
6158460
9910131
9685600
6198213
7770051
8504181
6156310
2337670
9177195
9467573
9441939
7965042
5947102
7511336
9335640
8727511
8361032
4822731
5139335
7313881
5884057
5947643
8026126
9769121
6061452
8650916
8929290
8898432
3996917
9235745
9152594
469190
5016791
10103306
2972297
7646429
3058374
4754649
7729051
9295404
7186095
228881
751266
5698885
9835777
6624395
8840387
9087701
5510902
3032196
10057265
7383942
1742433
7764248
6379696
6992640
9969598
10063576
10244067
5765101
7615782
743933
252288
8839123
7297027
584065
6112010
6359782
8946780
10223068
7965489
9718518
7114002
1719430
2193986
9745002
4894556
9048450
9077483
9501078
5802950
3062133
9393658
8676107
7467808
7504181
9146369
7718994
7919770
4487355
7446802
9361974
2014626
6847866
6578923
9125737
6298791
9155379
1813729
8167958
10159417
9264094
4799980
10035308
9495569
265394
5278100
8886406
7603466
8820127
237942
4916914
4792664
5419791
9392260
9742638
4134903
9897122
10165789
7935038
6729196
9999840
3434492
9578887
6438587
9703319
9246870
6714986
6656165
9989230
9927164
5249559
1632785
2850975
7849879
10238277
5779806
10080330
23653
8640908
9218680
5541941
5301466
9613458
340584
9681763
8941191
9681472
9910371
9907762
7101882
1348804
7974167
9830622
10197482
10258365
6401416
4023594
9336496
3214944
754600
4358451
8940738
4742581
10072648
10053886
8869635
8680215
7737043
8189016
9363921
6003869
10008082
312795
3497998
6488928
9678396
8717508
6344206
10099353
6667717
9206800
7523169
9285558
9506307
6993477
6320056
8098540
4894687
9762791
9247418
7359386
8032837
344147
9682025
7030708
10081039
8026291
3855829
9414462
2417973
4777325
4976311
10115124
8565851
323350
3217546
5184737
3766865
3313953
9952190
6798363
5294833
1673555
8942313
7975393
167865
7506479
7301394
6165974
10010968
10270558
8581877
5397951
4271769
9501653
7311383
10196071
8166359
7823546
8329936
5304948
9756928
8105214
7226053
8849139
10229967
3916150
9826034
6416787
6403283
5798889
4750653
4170328
8681309
7137247
9191558
3484334
1134299
8117481
4794606
7037706
24435
6021189
9876545
3523596
4961879
10010858
4827540
4283356
7465498
7917077
2937929
3789038
9356289
6390417
9209383
10153271
1066052
2304429
8799200
7252691
8762594
2334468
9780952
5985361
9280622
9401343
3800339
3126239
9971954
9980143
10019734
6307087
9149033
6648608
7383795
6815583
66736
9302866
5864289
9802687
3133186
254196
717158
7478402
3934812
45630
3804783
2990211
9636686
9425295
8671880
4715536
10071097
9522199
7380773
23929
10244587
7527119
7469033
9747979
9819557
9306008
5954426
5700562
7860179
10101756
663518
10202590
9891961
7427294
9964594
6696849
7300262
7628876
1951689
8612948
5085129
10176790
8722124
10264178
1816251
3600464
9505507
10180073
4067847
7332170
10126779
9500444
5173058
9034773
9635709
7069861
9889935
9969587
9008584
10094445
10117917
8502164
8893010
8935753
8178077
7689064
8548242
9919303
9990874
9451589
6594765
9130941
1295410
4582275
3984841
847420
9974199
4656042
4326881
6047109
5312814
9985367
9108639
9263393
10270814
5486725
7323703
10024123
9790871
8198021
9008700
5485290
207781
9578706
9555172
9681071
5453890
8204164
3572936
9296931
5385658
8215459
6718662
6184795
9441926
4342953
2248124
9134345
2976943
4098499
9293103
3411813
6064810
9099173
187807
8747250
8042602
3517549
9275028
4277861
606692
9696933
8712578
9134653
4448429
9431078
7321020
38336
7922248
9825482
5704390
713043
3274253
7778898
6377166
4870156
10017281
147651
6590993
9808888
9629226
7086738
7791197
5566946
150731
9199397
4768996
9769222
1693802
9868538
2268897
1310954
7989863
910295
10108387
4393864
3097452
8217932
5380782
8051513
4226854
5436138
9488543
8029144
1544151
5910941
6381967
9214869
4317258
8211791
2460455
5221655
6344229
6672518
6646576
4708183
7061129
8972078
6992318
6394494
10112685
8218042
3990295
9237557
4524652
9215986
3414158
5718520
8971575
8757397
10188148
7512620
9751077
5733261
9971439
3819974
7803372
9236295
6731936
8555490
3637457
45967
1355283
9429036
4993640
8150502
3611832
10110553
2295737
5457594
9837808
9932729
8504382
6205196
4755619
6704042
7207064
3887375
3071706
5380741
9702751
9825212
7403099
4871033
5524686
4790109
4126246
9146815
8928245
7576375
5232102
7717145
6091784
8803146
4405587
9320385
9775025
9282076
7563323
4069119
3404143
5529456
10020649
8575963
7898395
8518274
2009925
6311312
10081881
9604248
2146797
30384
439692
6065222
2528938
9293461
688061
3871033
9555936
8904782
8959198
7903744
9551590
5724063
7546660
8927571
8158988
6317175
5703598
9967773
8548411
5184115
9342020
8719048
10026931
4602811
7501097
2657816
4523477
9292776
5775188
8313164
9586415
8210403
9829888
5759111
2000627
2717776
4572266
7844685
8728262
7639627
2444608
7321399
9082911
7920848
9296086
6963703
3936082
2205244
9592855
6473973
9768575
10028185
9603725
7907975
8401484
9469617
1203963
4333759
9738950
7749265
7348295
7872211
7494798
915148
1585392
1676471
9852424
73719
8721858
8644089
10109086
8555124
8727657
10215835
3085164
5444748
3313101
2707847
1604363
9853749
7141862
6634781
10131829
737813
7134968
8546726
1076346
7991206
5536004
5677345
8147817
8619634
3790240
3059926
518874
6980744
9888225
6592066
9290000
8653379
9933050
9934874
9047272
7513670
8927386
10275179
10215325
818997
10225118
10100894
4029835
8830157
9931704
9118305
110834
1079744
6415738
8768817
3618163
2210219
9613083
9457549
6447994
6487701
8669171
8393724
9204825
9551603
3775597
9889519
7102592
6822949
581720
10158393
5555082
8339742
5845246
6337028
9491051
7214010
9852301
5214318
9485128
1714361
3326697
9193902
8830702
8356039
7691675
10102387
2009382
9638015
8522888
8924158
6817066
10108392
8533373
9484206
9674535
7477055
4096966
9180143
4856436
6637697
2385954
7570009
8989604
5591154
10013487
9246233
9751638
8649001
10082358
8027072
2666049
7674797
2418768
1029001
5753848
8317138
7552273
9231973
7428740
893393
404119
632991
9554782
6699128
7468316
8209822
8646332
10015587
4443292
6255475
8755856
6636285
6681457
7062241
10044576
8323420
10036497
9502293
8286128
3406871
705362
8939032
10017780
9905070
10254570
2873278
3232650
8034011
6168593
3528939
1028779
6948494
5859615
3540171
9200443
6335938
9215462
5362238
6666723
5909412
7301829
9367248
8532139
3090222
6954867
8552633
3576721
9554822
10215805
9245328
9728135
5608690
4008401
9461294
9904091
2460830
3510643
7522460
8518645
10073165
9389978
10020563
2440482
5909694
9985260
1460335
5337785
500845
843346
6872533
10178981
3268651
5241113
4933966
10052378
6904884
5471614
7011254
9440529
6390160
5478759
5375376
3940676
8831084
8613608
1862697
1643613
8751814
6320262
6643846
4761250
857417
8769266
9807844
5667764
9230804
1840170
6256531
7498341
5149470
10246692
5817992
7263316
10273725
7324786
7430424
7603915
8913715
9554732
9661317
8113831
1526717
7200792
573776
7063332
7852238
3260388
9566485
8273534
5283893
5664162
2365093
10210713
4741666
1130077
164028
8571199
8553031
8093163
9120086
35014
5159629
3104915
5068201
8473399
9370530
9114405
7811187
7682767
8765728
8997974
5979689
8894113
9745338
6140341
7378665
3174977
469013
9667172
3370422
2299889
8938519
9568928
7502046
6780203
2804668
9981736
7929874
4903107
6563114
4427981
5396897
3730062
3529883
9469311
280928
5683778
7104441
8200058
10022320
9227785
7308842
10207505
6222636
9576138
7800456
1408060
3267995
9935492
6676126
2575100
9181664
6947183
5924040
5857115
5073654
1557735
5316818
7042282
4727194
9550711
6808024
8090590
5398829
9770155
2488954
10134825
1109987
2916613
3799776
9951935
8221301
164627
7432713
9491201
4753148
9233701
2253820
1371296
1765194
4440915
8007833
6118209
522561
4741857
9052834
9985192
3308928
10264979
3815131
4446116
846099
9234438
3854230
4491044
1569658
7360385
7463646
386709
5590551
3240818
111101
7769144
9713527
6174849
6825630
1932088
9085899
8941484
1369437
8080794
7269893
9804254
10150264
2567727
7698785
499367
8606764
5156152
7875832
9562497
7893901
9815402
4302713
49219
10070171
9750873
2523528
8409757
6336155
9562949
8590981
620265
9652068
6743493
3873139
5199029
740613
4258016
8835611
9326408
9280614
8023618
9115532
586485
3263080
1240407
10260279
1877659
9576450
10222314
4463438
9531218
10059545
7548196
7888911
7441317
7086082
5440343
5398324
7419720
5397419
9306423
5934328
7179556
10147700
2297472
7989452
713271
6918493
9480035
9219363
9117379
6198273
8535557
9611525
5677475
239248
8019697
5611146
974844
9303587
7270189
2557434
10079871
6705859
6446155
9172516
9567649
5698412
9087903
5528852
4543096
10099578
7677417
4378296
10150688
369052
7412017
423224
7447167
1421650
8627686
39696
9909961
7986682
129805
2831364
9576628
8417053
1145713
9600242
9972054
10095788
7013517
10136785
6635608
468899
6987738
5841167
9343674
9293373
9594390
8657198
2662572
7133129
9393605
3228639
7910238
7517469
7227535
10185285
4651120
8609572
8126237
156435
4276245
728129
2365166
125827
9104049
6399417
6730849
10037585
9841078
8864200
4453332
7042811
8728372
743566
10275296
8167157
10218066
2158695
440992
6237495
7278083
6740620
9853892
4057786
8634610
9508506
6345811
9432106
2233414
5432064
5137205
2418915
3883314
9249611
8610996
787951
6835459
2438178
9341160
6050158
417276
6238954
1786954
7353539
9992059
10141871
10181517
9790271
9842186
9273008
10261228
8179245
1590302
8198880
1512837
5550896
2444965
565434
9924896
2844670
9576197
4525163
6406914
8623849
8769593
3540923
8650350
7931340
9300561
9212122
7387158
8822946
5686572
5946893
9805743
5725311
8962807
3526263
10232830
10057112
4765336
8434637
6403983
5450971
9587863
7551529
9207230
9937904
5740188
7231666
9292755
5865145
5686473
9049119
8837375
9798178
1362486
6159776
8464739
8142583
9250211
1699544
4000635
10250079
8759142
6370002
10152526
9306669
10004793
8679307
9735157
7288099
7287071
5140419
10206860
7926563
5772855
7264625
3249844
5685853
5132383
5565235
9824179
5890638
6354671
8789038
6933426
9293271
8089791
7452616
8886275
6826385
8236364
3338541
1516872
8643419
8651120
5185638
6203164
7344356
5073393
8910788
9086077
9764563
7744921
8092610
8825650
3764406
9082330
9131476
8045752
9167898
3110492
4133147
2057322
8544580
8682585
3343174
7399918
9436156
9039339
9823215
1762133
1489265
10108288
6147686
6027897
8148890
6664500
9379046
8014313
1536930
8091987
1153409
9885402
10147571
5350096
9409372
9699663
8675548
6652189
5017585
8470419
9149448
9494803
625839
9924633
9622216
4411944
10149976
2828333
4883754
7551429
7717763
1888126
386875
1048690
10236003
2591016
7335363
10271511
6075423
8472563
9618670
5056687
127994
1744503
3185336
275561
7908227
7928852
6478548
3033127
33264
9100726
4407918
9211557
7558254
6107928
8916654
9291464
1367092
14513
2151944
3745709
8945354
6424279
8107485
3073272
9857314
4794226
8931794
10270380
4958457
47194
1940999
1464129
7122624
8384223
6291940
6007501
10226361
5441845
7176721
3606613
2160288
10218956
5941526
9852173
7138367
4523923
5723306
7790870
9490453
7696175
7799744
3517226
9960125
7891093
9566657
9523133
7602647
10064048
278064
2200934
8844045
5828556
6805050
10068353
8508764
5225343
7726829
8514333
10005757
7654362
2168829
9650694
7822465
4112750
2093720
8070305
1121319
7888453
6103354
8916922
10273108
9972818
9395893
9130603
8657419
5905494
7474474
8628627
9727239
6728225
9803806
9197016
8901842
9267794
4593511
9659547
8203798
8188017
432029
6188124
6928854
7685086
5948734
9202310
8278608
5590631
9704361
9564633
8473064
4040692
186262
7140516
4397259
6815751
10190717
10079803
9072116
9344369
7094992
9235445
8357702
4817061
9418231
9755189
6846390
7909247
2758231
8612348
8797636
5677178
7260203
9931103
8715679
10193868
10070836
2159783
3637260
8788684
9121187
10178982
6839445
9936129
3805158
8699188
9664631
2671375
5661543
5692769
8590138
6077668
7055370
163301
9855086
6192669
5480262
730088
6858632
757300
8633659
5901007
10074236
7318726
1313070
8315501
4882150
8936715
3847256
10204817
6932351
4766678
5270683
9369672
6781730
8479728
3848098
9088358
10273240
1403313
5882876
8837036
6175632
282352
10077010
1994022
4934373
5807825
8485022
7552240
1655398
8896298
6889908
9609972
9256593
10200233
7116712
7317180
9031061
8177324
8564617
147958
10107055
10153358
309193
9046208
9537008
6125999
5785985
5427785
8681713
9977115
7327996
6091667
9458583
9587997
4237313
1781286
8867824
8722070
8987021
1291797
7569362
1031725
6772206
7722079
7517334
4201669
9553499
4192446
6757226
10182715
9813728
5649194
4198269
7801585
8456263
962565
9214819
6922462
9131238
7701705
263537
9883802
5971506
6471555
9647269
9431545
4876556
8718147
4043180
7355061
9679371
5025054
10225984
10108266
9313363
4550192
1383898
8013655
6077451
5804625
8583904
3294312
3599644
4438873
8629811
9286371
9180395
9866507
6339436
2957200
8459613
7768597
5303462
8359458
10257126
7905488
10259671
9121175
5068939
9440514
8711843
9915356
4590586
7938285
9905562
8863240
6724020
6714784
10009448
6153919
9341272
9327139
2290271
4599283
383119
367632
3600754
10186526
4256935
7361597
7527458
9844462
5728061
5435019
371923
2657100
29268
6648174
7338919
2412421
3711748
9179128
9394731
2113442
10184342
7885646
9354836
5582157
3419253
8126489
9918250
9987892
1468176
9953746
6160585
3374983
7757126
8285064
1120338
8707177
2549012
4550662
5121155
7435083
9697589
2027211
5327554
2950159
9746446
9211021
9901227
6825191
10111771
6272947
8008441
8741214
3054212
4614536
66106
3147001
4977823
9436392
6291727
9830821
10042148
4815437
4815434
5668867
7033414
2304218
9493221
10108308
9877882
1700033
8478561
1688234
2331482
8599155
9557916
8723041
6703896
7898532
9724197
5014341
1052683
9853475
1574588
9989881
8578333
7804328
7041870
9072278
5747057
6483659
9221237
9560009
1140758
7905751
9838977
10087026
8315176
8535613
5055175
8825761
5691364
165550
9393746
2080983
3811451
2652855
3889299
5458611
6126460
8134330
9293296
5223793
8534321
9480701
9712061
7302065
9327166
6295584
8968675
9253426
976772
24443
316311
9615602
8401632
7404128
5713812
9685960
7242416
1612880
4598494
5827233
9458889
10124833
9786456
8164419
5541232
4215720
4624498
4912022
9675693
8950227
4855053
4426351
323684
10232927
7916647
5581391
8389185
5316041
9331923
4002735
7579297
8468088
5463486
8438950
10260259
1760552
5420856
5104719
4213981
3261249
4975754
9172375
7115938
9439790
8610366
312962
5382220
853408
7320054
7633715
5817608
1374993
10263072
3228082
9764545
6095614
4048689
1601820
1175183
9502897
9681406
831331
9155098
7987864
6713081
5113363
508353
1740404
7271449
6102265
8612646
1045501
8970443
9523414
2988694
7798892
7073438
6086212
10141593
9478996
10217543
6880938
6237920
1052314
5394053
10242398
8116981
7172459
9137690
8619395
7713011
7943879
10080492
7347776
7856067
4445737
7670857
9901004
7245463
9925014
384233
7545038
6475186
10258245
9904997
6832295
4142234
8166086
4507186
7799915
10132729
3452430
7168264
6242142
9757434
3897156
4901151
8902582
9978035
9975790
9913537
9751617
8766183
3218850
4625463
9649694
1118508
7136136
9330488
8560993
7903061
10203588
10070401
9628683
8941809
328448
6328445
8951702
5682971
8787522
9263639
102479
6908937
10111023
2529522
4529936
9342665
799762
9497939
6288464
10037327
3403149
6049750
9328800
9714139
8896748
9967413
6984995
8386392
8358542
3598480
9769712
701738
9907350
9945310
2877862
9925541
8907676
1152657
5643874
8916491
9943503
7987878
4029890
10078198
3480871
4679761
8142394
114902
7617056
531542
4477460
10225160
765033
1043429
8834694
7117918
9762136
8438820
8062323
9926162
9743429
7524700
8841968
775659
9320316
9733437
2192935
6621957
6237814
10012204
5253160
6076392
8037087
8751084
5762748
10254587
2463800
10121905
4452600
8551061
6808398
9844985
4872748
9619415
6313433
36705
4028801
9196060
5934069
6276331
8135673
9816539
4788877
5976660
284234
7246225
8895796
9201465
5610275
88556
9418417
6572699
7413346
9810829
1671118
5525385
10273782
9500820
7970426
4933902
5480803
9933955
8220928
9536517
6671465
1694266
9072578
8429300
9364602
5799820
4161935
6903007
2739810
7594331
5054797
9581285
1135339
8565715
9321613
8025459
7141805
9846258
7037312
9917949
2357068
7915648
9142337
4276333
9942005
5289426
21452
9767966
7970525
220218
7445928
9666555
8793251
7461683
8295979
8708733
9888897
9744921
9510200
9816905
2956430
1462932
7371200
2973269
5210658
9326497
2054070
3459180
8754534
7928531
1247578
1363888
7246718
10098712
5449680
1721068
9776308
4065837
8482949
10124112
5257044
7143058
5154641
4020776
4922288
7656155
8115811
1680363
3851159
10036253
3920345
8514358
4919418
9720965
9185446
5388198
2458312
5801882
6433642
1508152
1571196
3731307
9669010
5646831
6179572
8746936
245233
5651454
7819329
9992205
6285539
3810929
9075587
3570203
4623834
5650930
5361336
6277438
7715352
36087
8904271
8970736
9467442
8222097
6406669
8921555
9105571
8580534
9459063
8921386
3762047
9259410
9762849
8607144
9727463
1248163
9196901
4752701
9140776
7285074
7865630
6487180
2616388
5741133
5786856
1185788
5510339
9930651
468221
8631389
5457633
8717104
4812970
8173895
8385031
5618851
10277829
5367937
8126696
562700
6778742
4849659
2767456
3835455
7054881
7406758
5017550
6165504
10274697
8655913
1919455
10071419
6975339
7054391
4482888
1121237
9751571
4038387
1747519
6866940
7556181
8910850
8196429
7028835
9321578
5882627
720113
3045717
8568492
8814409
10185798
4988009
10089966
5914347
1296907
9386795
9989579
1718945
4264391
8651377
10099003
9225326
3619059
9665547
9743883
7983475
9970263
8898161
9296790
7246040
8279496
7876603
8836210
9611992
9669546
6615814
6274157
5853775
4852691
9563883
9549123
7546576
1981485
3545388
9988760
7404901
5469592
6032990
7971731
2376246
740319
1521106
7047706
1079078
1355906
9207848
6100913
8137716
4679407
2584207
7785809
6893240
5000714
9802630
4673887
5957599
5383481
6689411
5086145
4663596
6819641
2691884
6242356
5185108
8673627
3565672
6270789
7966349
8829796
3550535
2030765
10227517
6701404
9848867
1501267
4642015
8706830
7777959
514341
9704845
8073364
8827577
9027621
9502251
23412
7533091
5553873
10212029
304608
9508749
8130040
764245
9462071
7338312
7813956
8848143
9891821
8202781
7702808
4339561
8354976
7666606
5073744
8244703
5458134
516923
8398887
5812932
8062060
10186881
1744682
7278244
7435540
9444015
3597756
1145405
4885781
9691643
8811223
9463806
5051243
5863531
8974289
8559769
4289323
3632346
7127329
8670966
8933865
10015896
8921083
9330919
9391442
6700660
8519483
8088563
9431024
10244328
522945
7352456
8171209
6667262
8220105
9816258
5405723
8403158
9240522
757549
8652917
9311640
7957379
9606315
6194560
4465286
5560876
10096719
9821275
10278099
5749383
9987252
4093162
3963220
7081271
6248528
2188639
9025307
2287419
9473402
3945076
839856
9556839
8566636
7544531
9698656
5526190
9490483
10165695
10182972
6580450
8779013
8180372
8567099
9496346
8088693
2182684
803328
9884619
9362030
10145959
10011249
4881827
8646864
2092294
3398464
4511482
10259944
928625
8641925
7519776
3944425
10082194
8394149
9431405
8322926
9526951
6569108
4989285
9865210
6206837
4676691
8781402
5551586
4860572
8625613
10061494
9474990
5320890
9629024
4625596
4879996
2422271
9252218
2539363
9229366
8850411
7838658
785805
4325254
224356
3398398
7901125
9209611
7064136
2756143
7013235
3372249
9917958
9240110
7044061
8637225
8585648
6890985
9351209
9446417
5544140
8476118
1600117
9832698
7915723
10065129
9004552
8189100
7885192
8721628
484765
5500063
10263063
2940393
9988561
2078120
9699618
1180080
5734968
1576474
5860978
6934566
7460491
6825866
2762840
8654754
8978139
8636703
2256970
9360766
6092600
2854924
5379185
5683672
8825441
8672382
7467524
3061507
164908
9266070
4908484
7156791
1372123
393282
5621000
4834331
9489171
10271639
8626883
8867385
6076631
458469
3841052
8205305
10191794
10095078
7075851
4166340
3254691
9990660
3577666
8060162
3401796
9992350
10243322
5271184
2505298
5569357
7699678
9105255
2062999
10225062
9222203
5952248
7376750
8092564
9228231
7860435
8976107
8059949
6742272
3569336
6959675
8381652
1030620
8846339
8380691
10070444
7833129
2491019
4678610
6692237
3204726
4814859
7729341
3675905
9628187
2290268
9500893
9716065
7780131
4168147
10004170
7099329
8546601
1168586
6813541
3163129
6272054
5956226
5472194
8395598
8529814
3234156
2574127
4280407
10164248
6019121
8011869
8659025
9301693
10108427
10240816
9920085
10190615
1324059
2990773
9791280
10062377
5227604
1656602
9789672
6884635
9744425
694350
3908053
3743025
5596454
9770318
6170858
577862
10122551
6308749
10171900
9684627
9142221
9040274
2098505
5913853
502971
10170592
10236966
9650670
8461094
9344700
8894910
9667042
9648266
8472176
10277362
8587070
7546669
3138878
5206617
5763600
7288236
3720510
5529242
9155436
6053496
8291487
9843106
8383828
8622433
1771920
6111848
8673815
8966217
9782972
8820223
7227595
8609746
3303150
7186301
9078808
3513510
9641553
7527743
5120026
8115356
8759914
3067508
9987689
7849498
1031691
9041654
6281008
8012448
1531793
8951429
706654
10019287
10074416
6532098
8950191
2118725
7264399
9326219
2594421
8923038
4892660
6154133
3895103
5910722
5950829
9922565
5567672
5943464
2961798
9119964
1240556
9488717
9349561
103612
7493902
2640439
9619699
8744028
5723746
8971723
170754
8797656
1695265
5148702
3593827
8296751
6269777
1981123
8330748
10004798
9829200
9548285
9830955
8384614
6650634
7010433
9697231
3299516
1033103
9251813
4497823
9642848
1160987
9467191
5575019
8187464
213594
7533544
5157797
7322365
9814376
9302878
7344371
490443
6530887
2661624
7057331
8462645
5613442
8988806
8198050
7969519
1447449
8044542
658263
4249665
5459500
4872543
1362509
7447153
9753684
9474597
10023328
10069023
7985600
207732
9851573
7319523
9456971
10176880
5766777
9423112
7226690
7280935
5706499
9657523
9052578
6087622
9069145
4124996
5541892
9214193
10017106
2504572
9331619
2523771
8354146
10257123
9329701
6002728
9915353
10260878
9976401
7250961
4630830
4402439
7589723
3306949
5655472
7303802
5852123
9802100
6705915
1657466
8440458
9336168
9360699
9007719
8354525
2838442
3799325
9103081
8898724
7493335
8162163
2165933
3352939
9139279
4468996
6062690
6082188
7448258
5973840
9916433
8620237
6794796
8642190
4913306
8685598
7847135
8488929
9892432
7356485
9517787
7108341
6477884
491271
158150
2955466
8789177
7292587
8640855
2905913
8021049
9998145
9701379
4587561
4948714
8702472
9493444
1404642
7571350
3506446
5728322
9924853
8374279
527403
3961034
5679340
7911052
7161606
5668880
4987371
10257700
10070843
9343765
10148319
8890254
9758381
8796362
7973117
8173758
8748719
1859380
39092
7940737
10074332
47085
8626168
819006
8576166
6607633
9507347
9876068
9674250
6185064
5776425
9969759
4445169
9869002
6182754
2074725
2656775
7739600
6529459
7792207
9643211
1133825
9935485
5912069
1035617
3653862
8804777
2413
8167957
3595452
9292530
8620569
7870751
207811
8709766
5118555
5757151
5679106
9822326
9855967
5598949
9944655
7052473
7685723
5536289
9104592
1930187
6629097
10114480
9306751
10086733
9841014
3819312
4295299
6211377
10066304
3095788
7845212
5446271
9792805
4554083
9985931
1817856
6547936
9596777
9015921
8033328
6787408
1603255
8938860
9982469
9497754
7326531
3208797
8395831
7063948
5377842
9970470
5193883
3706722
2633785
306197
5293169
3855071
4490009
10273581
9576513
9258386
7917418
1922555
7250325
9693585
7855085
8526683
9759774
8509099
7859484
10212408
3103690
7694827
9571784
6173051
7132002
6081437
6603030
8133899
7575995
6150533
8119913
9501414
142687
6197121
7308545
5052243
10132262
8020498
9902126
7638020
7806661
6345907
9308788
6684036
6886021
8513616
6668435
10006185
7440670
4305387
9671542
7894938
10138125
1593277
8751480
5162278
7460115
2657788
8370211
6584219
10114541
7741310
9289361
9294639
7646663
7731626
9216073
9801316
7163166
1548845
8614928
10243422
9484985
9454504
7668022
9932105
4007388
8477727
10095254
8355243
6933759
1685126
8843842
9197731
9817957
2216102
5936999
7700083
6489602
10001358
2903822
902181
8212355
10084753
2211206
10276348
9723117
1589431
3757874
9945216
2355488
3859645
5691864
535642
8170332
6269393
7379084
9502207
5523522
6373582
8544298
7540571
7846931
9817795
6490484
2959639
9294416
8394021
3138659
5318410
9177967
9691579
8834821
8723571
9056760
7884025
3544662
8740700
6672163
7247658
9150201
1358795
8087913
7960384
1555430
1283651
9232835
9832014
8101316
8478585
4814799
8769582
7175774
7674350
3078921
8912870
3848512
1595727
752771
9106861
9082997
5900608
10158500
3652994
9704763
5236456
5306183
8806709
7075755
9668354
7553549
9793575
8939261
10149061
3972309
2718894
723069
9097786
10226824
8058599
5786589
6935349
8012392
10025582
9688889
4883739
8830133
5823676
9676970
2157138
6630881
8008519
478871
9281106
6724272
4879972
3585011
8166833
154594
1027999
7130067
4356984
1575888
5923341
9318193
9738303
7883999
2051082
9478880
9692838
4427024
9961849
10220782
8693853
3645129
8198540
8696312
7469625
8711544
9290837
7207225
7688662
8773998
6303194
7236510
8794491
7852366
8210188
10125406
9584572
8553054
9698597
2829832
8548510
5301736
9875511
407703
6581922
9405875
8213409
8464637
7721921
6095665
4083134
4269382
6314131
8868367
9355956
6257823
6237264
10017531
8391721
10087467
10010330
9980247
2067430
2724935
6905051
10187452
5398898
9599294
8920614
5237010
1344790
6922816
1873251
9049555
7533485
10016596
7527248
8780837
9438443
9788286
911355
9651802
10048338
9207421
1949455
10192261
9109067
1369595
3310284
8784679
475007
1353144
8562458
10216013
158343
10123659
8319482
9628713
1593032
7090627
9654678
3794155
8886040
3031029
9352399
8678220
10117481
9066258
4753556
5877810
5011113
8819981
7872172
3309266
9637068
6422258
7939608
5222537
8937344
2769119
6724920
9780575
5217584
7120834
10063812
8063353
7954593
10145972
4366307
8188410
10238925
7084193
5549151
1493836
9778545
5955277
6627206
8069092
8148441
10136005
3572378
5932740
8032089
10271105
9794097
10106046
8359723
8628795
6597809
10020682
7520337
8620612
5910608
3372204
163139
4786286
1025241
8923067
739777
5923805
9357783
4342715
6303937
8392543
8930843
9810971
3006404
6823208
5584591
4459001
6317278
2009743
8585141
5666010
9123877
9745382
9159783
5887141
2554380
9150312
7236116
5835394
9639703
1417063
8282923
1369658
89332
380142
6393700
7582224
8423973
9231009
1066182
7254988
1028571
9681007
10216383
7928845
8176012
8723922
9996974
9614968
4371206
8860429
6332104
3436810
4434131
7927318
8544649
9172846
5065131
6681723
9707101
9486886
3659317
7432697
6126741
8011051
9138515
8519874
8104466
3060188
8887219
6157924
9131748
4445299
6440608
8475485
8692160
9553585
9435208
4973536
8061482
3392649
9629397
9956170
129939
8209967
2196548
7076248
7345994
9883710
10015328
7443271
6353043
6252170
6432214
9244374
9726454
4429799
8656686
7425748
10106978
3807774
7437082
9659875
3687503
2312655
8096018
7688133
9929948
3427286
8064228
5850503
2081473
7677384
8652492
5556440
9134665
6932147
6689081
7816872
9851978
9150637
8823884
6148658
9110612
9836756
762868
7648726
9743545
4803826
5675786
7453635
7797450
8212792
6696329
3436433
6338812
9945284
2600592
8206148
3347104
9595509
9392733
8128292
8669754
6776624
3759325
8434571
1839455
5575311
3775542
9793236
6234479
4033494
5183014
4760326
8041452
9213039
6412536
10226248
6159592
212717
5426132
8843011
6405584
2226080
6153868
10053306
9998108
10131631
10122017
2174639
493092
9430578
7713610
5954884
9988541
9853101
10224773
7655516
3266369
7862272
9330836
3887409
8720960
6376389
9981739
5706337
9768113
7109707
4424622
7131270
10005318
771492
6878666
7315660
8936646
9335577
4221289
9677925
5426877
1594085
8622080
6798355
286680
7438060
9116312
3322553
8127311
1435333
1502725
9051336
10218958
4404078
9299876
2135015
1922525
9893434
1087617
10244250
9720220
9324513
8811420
9754542
7170012
2412724
3656988
8131165
9611647
10265843
2743595
8466409
6831812
4444061
8182976
7015508
6326293
6695297
3627168
3883849
7698496
9819098
1981576
8102518
4609878
7212328
10041096
1983680
8114539
512688
7758340
9293426
9112761
9127103
7512395
5859131
6986888
7991350
5732936
7891920
9213362
3848915
1525014
707134
349178
3054696
8901708
3957109
3987265
8490835
1633598
5265402
7242714
8023790
6410865
7081754
8167130
3042281
10203949
9139473
8772611
10270331
10116651
4354080
8960254
10210327
9901874
8562842
7405021
8849626
1871335
7465355
10262377
3262460
8624429
9430257
4471490
9323561
2414441
8045033
9182989
4492202
9157293
6402894
10123241
8266031
1158431
8785774
1169704
9488373
8116113
7076330
8916139
7622143
81637
9939104
7119385
7972839
5512297
5644477
5074595
9642277
9764636
5242262
6230716
867709
10265275
7290459
8323977
1764037
6027446
4636105
10215296
5483513
9974305
9859902
2597919
6477866
10042743
9706132
7040898
3558277
9754244
9559295
5158304
919093
1898605
1221803
9968134
9296433
8711262
3822640
7545407
5464834
16212
8546532
7065609
9340549
5990600
10233849
7288196
9498527
8635535
6781034
9982153
10007001
481226
10132340
527304
8895793
6954271
9594159
1279795
9156429
8097901
5709661
683442
7396094
1604845
3138452
2800038
501464
2526484
6940155
3656565
9978681
6719199
9603865
7428945
9089612
1436660
5340767
9961072
135361
9902883
10163879
2709383
3201492
8927733
7696323
2690528
9640455
10052417
8847445
9381407
8481981
3514040
6713204
10245986
4270354
3816994
684814
2577310
6209085
9755157
462276
7533102
8783068
2951976
8046655
7541041
8503651
4514731
5351337
5900440
4356098
5103850
1784769
7268642
7930370
10127076
9733856
8428676
9751956
6648894
5372533
9285613
1081592
7008459
9759719
5371868
5344853
1769922
10118617
8035805
7458838
1044715
392746
192208
4034844
10263363
8838253
10126372
6760555
10173858
8648187
7283579
5259719
9456361
5474739
9625173
10052602
6518745
6661777
4898082
9702880
20343
7340211
7573370
5546457
9990310
6428211
9143486
151678
9002847
4705245
8018121
6703825
10226729
5427644
1821583
7941987
7273347
9506979
10183615
5002852
8895162
7907287
1016580
8819984
3040863
9445836
7650156
7531068
8552058
9977124
9589263
5731934
9719359
1651126
8975361
1600932
938876
7519607
9474268
567212
6669736
9144878
2119040
10150460
9763076
6159905
6055502
10108084
5281997
5774505
7533281
9875922
9019193
9262931
7433196
9004332
4513766
9683044
8889024
10158265
1207277
10072104
9053161
1503337
8584903
5184735
8653094
711882
8599972
7221897
10217575
7798485
5502812
9886380
456007
7796403
10261336
7527910
8108140
9224867
8966306
7070900
7706487
8417568
9673164
2907640
9740016
2971608
8906807
9802241
9235434
5166735
2265548
5434393
6308737
9532769
7052371
4921897
2124729
8519702
3026128
8571905
6581962
7893920
5233728
304473
6840699
6272416
2061606
9589147
8671196
3139587
7091324
9039533
10058146
9754553
1678828
6101482
3877797
7084152
9873029
6116919
30014
9151161
9730397
3270591
5527676
7747745
3800651
6669965
4701872
8182854
6139250
6976560
6159178
10005423
7493058
10265552
3238061
7927051
10058068
10247411
5908055
10254556
7124027
3838116
1782088
8912591
9127663
5885497
3407074
7289184
7677785
8920121
1059846
5198077
9937430
2401783
5815303
8828077
7098680
9477427
6931782
9836293
7749626
9408041
2550838
917164
10238308
9578547
10102636
4430774
2988304
7476802
5185837
9321398
8097936
9839899
8673033
1638988
10205996
8570013
7731974
456538
9319933
5581914
5017459
8064427
9540125
8709281
952212
242226
4974585
4208041
10271112
10208379
208558
5993693
10029063
6430904
8671615
5707558
9473641
8952397
7088731
4921630
9849185
7066250
8057809
6842532
9270897
7767966
164526
8343349
9134639
6671877
1432991
8005407
9674802
10218929
2187125
10057339
7525356
9810020
8850530
145731
2032652
9894631
10238717
4492743
2052389
6268494
1640173
1466269
8725649
8207667
1289169
5332602
6196862
9545120
9155532
9640486
9907661
3665905
6463375
2190407
5910802
4159292
6944085
1694725
8074791
9868828
4399123
5466870
10161450
6727964
10074713
5917807
3591948
7614772
6664307
9990417
8501089
10003521
9951431
9206467
6066399
8658721
8194543
7508664
7562499
5256556
8033685
4730516
7684759
8938368
7124723
9072522
9855891
5598706
6957761
8541106
9568270
10074081
2473801
8446753
7124670
3943125
5680222
4541095
5208792
7920955
9647915
9585158
6194688
9978970
194331
9914447
6929752
1427654
6160737
1777670
5924043
8351468
10151120
8887653
7861447
4362604
9045019
5892195
1404493
8906228
8549161
5124760
10235845
9460169
5164812
9302410
276087
1972456
9224511
8513072
4831224
7928666
4268313
8624205
10013658
242231
6250831
5812647
7195663
6570156
9965039
9846394
8173188
9242210
4849098
8837936
5867823
8622206
5934953
6211648
8018381
2495362
7274798
9967763
1697621
9934450
5697671
2737035
6361907
9238671
8605792
9446814
6205134
8511905
9961570
9244865
9997623
7684164
8425441
8713397
6185670
3415551
580798
9213983
7119246
6314921
4691770
3273507
4977290
4546087
4675939
8189583
9361680
8373211
7958989
10183360
7221394
8745569
7285733
4930770
9317820
6194133
4905718
8520381
1597832
7218491
1832364
5553000
1208007
6723373
5656791
9921218
9855587
8880577
2808928
2461114
9059607
2321454
787179
9337315
7126043
9437693
5771551
3347952
459995
8014145
4875599
4491903
6385917
7806160
5838419
5644170
1535073
2037134
9963392
510947
8595012
9020559
9779492
9816292
9473454
8331844
5878347
4472522
288615
8511920
8213052
4895219
1286451
4544869
8692658
267286
1207817
9655569
1905923
8406031
10066732
1927486
1971330
9903035
9328942
5571370
7971654
9521900
9000511
9482036
8062097
9823847
8630300
10222208
9837853
7857671
1598282
7026698
2015747
7747570
9709016
1664929
6959423
129367
6283392
9932180
8215719
3059432
7059569
7645812
1332973
8578437
9791799
10135535
5379335
6551533
5811287
9208964
8517012
9232114
6017622
3541322
9357978
8863587
3227818
438133
8397720
8513140
5874171
10249297
9058495
3104449
9694970
7977993
3132017
7841979
5069608
7631419
10271955
74614
4566080
9996901
10018303
6573811
7501186
6652031
9502080
7325345
4475930
8181452
5235134
9943432
8724362
7277009
7929868
7400828
9217872
3030700
3047075
4834778
9982458
6433454
7893423
9271201
9992617
9219909
10272469
4281906
868896
5804257
9420950
7273131
5278384
4259080
6486325
7614711
8043510
8711192
4616585
9818441
8348871
8451959
8178960
2674572
11012
7564856
6331922
672248
3889736
3804752
8063965
5733754
1692508
9536125
6070952
8189835
9612455
6126356
1310694
5244441
3229532
9971210
9421182
5820770
9441920
7279936
701273
8592329
7867768
7766409
4077477
4246349
8652441
8519922
4489084
9454127
8309675
9070944
9676103
1922586
9380589
876
3922541
156982
10079163
7257417
8199690
8462887
3654376
10019129
10270706
8120415
7448670
9536699
1216836
4868814
975027
5973112
6821106
768684
10237631
5950007
9981777
8168119
8913608
296269
7991758
10184151
9192071
3204167
1506227
10265767
9572637
9094099
307912
4838466
7339096
7724797
8569392
5565648
9761205
9826071
8113739
8309315
1754110
9907182
2041744
10241807
8777723
9983961
7471179
9805570
5434316
1246236
7772563
2511368
7120929
9676965
9700100
10007639
778724
9138133
9676916
8518394
10110453
3311362
5250785
7448357
8715619
9722147
9302389
1207262
1043813
9776700
4836427
4467795
3075102
2238489
3095132
5588781
9765240
7572404
659465
7464653
9738744
10133963
8478252
7548173
6137434
5499599
7323052
8518040
4433464
4647203
504242
8345161
7583697
894368
9267704
6743487
6723087
9553368
8654820
8021347
9367828
5097591
10010400
6165931
6106658
10079804
8761788
7781356
1895688
5980350
5365943
7755252
10198959
2205261
6059337
6417579
8502348
8163686
9648182
9761898
7982333
9713238
1988079
1549743
5070436
9293632
8556524
8254388
311501
5376447
1736999
8630557
5555645
2027270
3375214
2608190
4922742
834843
5304583
9349066
6666322
8820994
8432647
10276435
8130315
9314245
8561008
6461180
10108595
4068561
5665514
3745693
7853525
7751180
9133990
9231796
9601056
5995777
4880754
8548163
10274366
9801480
6237908
5276387
9876224
9400551
3840978
1158599
304515
7740590
9867359
9808764
6389466
9217919
6153698
727502
8848353
7095375
8054731
5846588
9383574
5649168
1964355
5877387
4338096
9669938
9973651
1530084
9291907
278131
3993146
962769
8057069
6675479
9247154
8601409
10079239
1931024
6824973
6106644
9062386
10164902
6278900
4259059
10108629
4319962
8940931
1190014
7311217
6090407
9697585
9703754
8062734
4431197
8309978
7561237
2593887
9898097
7195029
8676753
5875090
2090804
7658357
6444233
7408600
5592748
1069957
9071100
9690628
5578636
7320506
10115742
6587198
9109790
8404879
8895671
3437578
1434361
9145443
10183361
6931068
5583780
4825277
7521792
2144078
8171309
7486407
8341042
3292894
4431859
5731125
9719102
9687122
4044799
10158206
9711046
7018188
8637817
4233217
8802624
9591299
473272
230713
4423397
3789053
8184953
8825675
9649709
7160188
9573057
5193666
9832556
6649473
5430230
7927246
6456133
2834617
9808853
284231
8662240
7295000
8896846
5017727
8771020
10025529
2955927
6836342
9248101
7200470
9181695
10080513
8980060
8646918
5909291
10109024
8415713
7915590
6100251
6367549
6992042
3811331
10009639
9502015
9193030
2020974
6269681
6164905
3208499
162057
8340187
9709534
7219985
310932
9803970
10148630
9647692
8254632
10114279
7081343
9856453
5080819
5815880
137729
2956822
10083846
9413155
9855756
10277661
209235
4029681
9236394
5495372
7886696
7462382
2974113
9193240
611190
5347038
6206713
5143860
6782420
8089071
9749767
2528612
4471705
6995088
6282722
8640931
4755243
9197173
7250580
4476599
390508
9868928
2592934
9819433
10218960
10152598
5817286
8770675
9958284
8945800
7279411
9928669
6567083
4068284
8870049
10037279
4039524
4537437
10092517
8414838
9154873
7709170
5864917
8213028
491764
5824268
9942955
9107270
9719704
6311301
9335310
8658227
10207168
5031932
9915551
9197636
9235753
9590280
8864689
8272095
9421272
6759129
9722653
2218743
10199602
6688664
9908460
8053906
9855049
8066401
8769357
7612359
4904923
5138814
5450256
2511712
7964518
8876121
1231670
9969680
6631225
7523433
4445208
10140285
10032442
4683664
9560615
7871532
10093275
5540028
8360219
9165956
5326980
290415
8612587
6886740
149442
10058819
7805059
138
8978561
8820784
4453596
6658829
9971679
4124604
9320376
4437772
6771783
6503193
3274238
1476726
6717683
94112
7837453
9638739
3683108
9111762
9296705
7534352
8160688
5430399
9389017
9390989
8889017
10207729
3070148
9841997
2622242
9084222
46750
10024142
3558766
7850844
8024119
10215052
8105323
8902777
4900546
1413308
667894
9529452
9897538
8950445
10270444
5928941
8186893
10147062
2124624
9186267
8568063
4340957
7774640
9248386
9977561
2057893
1526624
9499482
10105068
9407194
3417728
9095931
3782046
9334745
9337320
10124891
6592270
5287235
7532854
3162193
9687594
5028683
1853582
7134378
9840584
9691216
6880030
1544812
9451223
5130789
8121524
8873221
9856592
455825
9591670
8536564
6836224
8381063
3134317
8125391
8870035
8645894
7321209
9075130
1452586
5325494
2309462
364455
1819136
8567896
10155376
228863
7072389
10152628
9394836
9999070
7772630
3446847
9674676
8029503
8873916
4022920
2303393
6559364
399859
7430280
3816306
4665960
530420
9954533
9671739
6299818
5822705
9093996
7437093
4424543
9442235
9413965
9028463
10184222
10228018
10177270
565610
8749456
7297132
10221467
7049039
7945482
9218885
647325
10080984
9998927
6654799
9830190
6723120
8932070
9340131
8085051
7207464
9726330
8939508
9312455
9914002
8002369
9569076
9899027
7513182
10155701
8476963
7686915
8209341
1543694
10006372
9929509
8463618
9638503
9459977
8497214
1216381
5918415
9709663
9044955
9889989
6826296
8381708
717775
9395314
8822540
9578691
112724
3804855
4822367
8095561
4758250
7238261
7009602
5728011
3602944
1562566
5962959
8588966
5833760
4046344
5780079
7511218
10079834
2034919
10257864
8554907
5242365
8931143
7280392
7205222
6911343
10063546
7211007
9962046
9427493
5961195
9934677
5593466
9249759
379044
6306108
4316541
8974326
1871736
1132815
9769359
9298222
7994451
4790227
8474858
9567407
7558359
9286168
4181447
7459571
9237538
5028225
4457168
9484718
9208630
10128708
10211230
6766799
10145996
6021194
8117388
456048
9736081
7135748
9819354
8800742
9419681
4433121
9775862
7095488
2657052
2234127
6749663
4291288
8608950
8097341
3843095
8124496
4507980
8366109
8089739
10038841
8003996
10199679
6768590
9248828
8396049
4981868
9854097
4408924
8208261
9170844
10022518
2335979
9370626
8380842
2144939
3427798
9109317
2345905
7862848
7928957
8647405
9459953
10071977
9788487
9334049
9611089
8821668
6487265
8548193
1578624
8016672
2138476
8096523
7425917
8516499
5686145
7916517
9890330
8988131
9076407
5169365
9133426
6221872
8497044
10156784
9163009
9465302
9184166
10209496
3820712
8664004
8336641
9741458
10253131
10113016
2332588
8742438
6320255
140807
9688460
8586493
10018872
8024320
1936151
9025696
8419999
453533
6820096
7416488
7624873
8621719
6751357
8449903
9424115
2695514
142341
4768228
8578678
9382705
9681345
7517886
9088140
10266822
3531306
8907562
1607129
9440241
5095098
8670820
5724970
3265565
6034078
7547014
2473009
9621137
9501090
9224499
9668557
9615619
4158012
9343100
7904136
7539713
5855226
8621573
5175549
7081837
8758367
9883606
9972278
9375027
8634082
8039615
8173237
6704590
325071
3878584
4767453
10192920
6439234
383488
6932565
9470138
4068328
5564995
7473724
4112463
4587284
2288547
3395835
778960
848178
8517835
382706
8645002
8718932
5310976
3233753
4847666
1526430
9843582
6812269
9487747
8311882
6210326
4429410
4298716
10253977
9197684
8659732
8279655
9020888
1078348
9907845
5267733
9831333
1201911
9576535
8453862
3913995
9599544
10275495
5722703
5435950
1483169
9966395
2962704
8383111
8569745
10225481
7626928
7126983
4376827
645656
10133122
4367777
6768496
9149689
5210012
6110928
792756
7793200
7804071
8535896
8960997
9823000
2984605
6824144
9625892
9412231
9992232
8730468
10251692
7847614
10003351
9841793
8014165
2440684
9464632
10009609
5489073
142324
2404701
7900800
9219254
8424724
10218130
8983352
7892771
3743935
9445949
6873935
7575087
5534974
3734236
6340499
4411934
8557483
8640764
4004513
3897210
8947026
9823165
3546745
8138578
5296213
5995428
3498096
6376386
8849726
8312703
6081792
1003256
9421519
8024100
8929395
8622443
6157545
9797747
4561328
10227485
2069472
9981752
5171389
2330755
7991636
8046974
3440864
5784185
9770299
10157331
9755165
10021815
8742765
8961078
6669763
7377643
7777261
1416113
9369711
9503327
10162129
4252052
7513516
4831872
9244302
1568684
6041395
30379
1560080
10119469
7612326
5986268
8193354
10079284
9819879
9227102
2031022
9369678
9370093
7392240
7281250
3678550
1261365
5496609
1956783
4572786
843071
9976970
2643111
7527111
5737123
5251246
9304503
9307582
4678461
4674787
10240647
3482323
10139936
7375716
10228922
10797
8351471
7087590
9680229
238710
7216792
9189292
2094286
8586810
8419944
2543182
9452145
8928235
3427678
525629
4945826
56238
9316231
5481913
7193637
5698946
9150891
6730559
7177157
7464470
6852046
4888115
5376354
9597600
9915234
2685082
2964525
7696872
10039107
7448583
5096394
2593534
9916783
9437836
8617986
4684591
9256591
7900454
4031671
7898446
9322099
9809757
1419616
3997394
3549162
4991325
8360975
10126387
5307791
6787669
4046652
8381635
10277574
9303103
444938
8888834
1812852
2023839
5767016
9339533
5957425
9002679
8673462
7429647
9257131
6281505
7263634
10077756
9972682
1524527
5587163
6129808
9541420
7730372
3748749
10056886
9946976
8734644
4900279
10270019
9658777
9474861
7324878
8014926
8532757
8955418
867234
10207466
8650541
1509830
48757
2349558
5229005
9967162
3441209
9726724
10113597
8343539
6386483
4645516
8659961
3627666
9734447
6234782
8314629
9749055
6444460
3606446
6871120
6417974
2940720
7009217
10269103
4726746
9035408
9310175
3140518
6172302
3008786
8384832
6238614
2828148
9934412
10035547
916605
10023029
5280046
1770820
9314052
5390832
4449465
5526911
6296301
19399
3372487
6479535
8621881
257145
2943784
10272451
9288189
5070766
9025098
5214614
8771215
9575524
8674063
9336759
292446
10228946
7499103
2597780
8695976
7556177
9505968
7880374
8638985
8007826
9863504
8477212
10271346
7117215
1378031
9296969
8058104
4807399
7694249
916291
10107593
8906022
3279360
2080450
9297500
9113398
10152989
6181362
9217340
8880351
247380
3545895
4612457
9857789
9485847
8674508
4477443
7576405
6034406
1688132
6529794
2010333
9523175
9419135
5317808
9673595
6119496
8351445
9302
9278186
8202422
6124785
8051952
4827667
4707327
7819773
9779661
6030159
9638425
10140019
8888233
8823102
9478460
3891988
8373158
9415432
1443428
689285
3404582
8566395
3412704
8732056
7234374
4708607
6063881
6428774
9878045
5329760
6844541
7788344
3647533
9716613
3408263
10107605
7141019
7749723
5226412
7998120
8317483
10067240
10165888
8163739
4193028
4366795
9992510
3397688
2935792
9565386
9109514
8651332
7548303
9341165
10106451
9692349
3239070
7797601
1369659
179216
7470375
5403919
5503928
8741927
9905664
6571955
9695871
7530240
10155148
5725103
7343032
2135336
8405195
8405302
8645271
6894063
5934602
3829341
9797993
5421254
4437265
4640738
5404662
1427891
9484080
10122431
3340985
9637739
3271997
8756241
9611326
8923181
7043693
10277537
8062485
4410334
8423565
9920242
10077476
10024902
4194263
9578311
9764092
9959863
3076243
7161472
5438605
8216286
8646640
8929936
8852319
8555523
4566500
9915858
767841
6636656
7974428
6719068
3346236
10041583
10265316
3218802
10001967
7086278
9487076
9061594
5518513
9113253
7688973
4988126
2595184
522869
4330844
52128
9815476
7877119
9061953
2326797
9883274
7648402
8830186
8029041
6663588
5435150
7274042
7036955
1177725
8938939
965357
8502387
1418821
9829747
4261000
4837738
9406511
5964248
1083820
39563
2201085
10100073
9654867
4495891
7921966
9832161
3655973
9482222
4745343
9988874
9514005
260515
9840716
10215206
9235948
6428636
1956819
6975973
9615749
9455899
6543208
7914383
5683859
1490549
3978509
8587509
7410214
9100185
8010478
9147374
7539810
9862843
3687858
2583537
4271474
7286107
8419796
2601946
10007612
8329536
8648021
8120490
8665166
9283028
8022066
6997152
4006068
2163194
2021442
9981262
9643549
9293593
9831680
7470127
9902862
9220680
9294974
25134
10005484
744090
7907821
7788658
4666521
10111853
6259114
4040132
8522591
9214148
8251637
24138
8189970
3644982
6833644
5786515
2012460
1097673
6439033
9125698
4485436
9933420
6245450
5678216
8622415
3881519
6246895
8510649
8734350
4891476
9829745
9903755
9307030
8872392
9690403
7001068
9943250
8779698
10018117
9152333
8846509
8665534
7271461
9873818
4359896
9556792
9683989
9816885
2306573
9039778
8717058
8793470
7796868
3843575
9492879
5668219
1502430
2767021
9834879
6194759
9965640
8929687
8731379
8589026
6158844
8491228
1308843
7557118
9911151
7069916
10017745
7074837
849075
3880611
3278032
7846340
6059104
8827685
6404157
8658001
9855690
8682535
7473723
7230571
5838594
9753341
5403117
7298459
9093396
9798776
8867872
9218635
3411044
8864868
9305906
8842760
9599568
1642097
8940896
2447461
9847552
8200513
2016213
8330144
8989611
6740581
8074203
4837452
9702284
6911962
8172765
10264886
3437487
10126605
10087032
6652589
6357024
458547
9572550
9444900
3555735
9579206
9788663
7036914
3208927
8426960
6643592
4757629
8773419
4333417
6238710
47866
4945000
6005856
9513935
9339078
7885602
9564258
8613537
5269446
3040713
6950663
4530350
9112733
1227060
2146582
1911721
8716419
6093054
7254128
505112
6761840
7822477
9682942
9451222
8667734
6434151
8665573
166556
1022840
2523502
5788930
8529132
9612977
4897000
8702160
2875125
9654160
9787351
7909281
4498223
8648087
7927383
9673737
2275087
6065223
6132444
3971777
9570034
9326097
7217005
8705316
8183870
9755445
9397423
8470143
6481539
10218329
9019965
5537508
1441068
9838626
7068975
9350895
183231
4070437
7378429
5787767
7295746
9647933
7060802
32825
2916970
8512412
8482190
7701479
6352418
9136347
8653163
4584512
9913367
7086641
8912619
8975399
10010531
7512662
3257629
9253553
7657406
3676202
784823
9971501
5267482
3006315
3566795
2357822
5514826
1804574
2600103
9729571
8717232
10210496
10200349
6272015
6476570
8932839
9435611
3743307
9887395
10147045
7462757
499243
1934398
5059140
9523411
4925510
7400884
5959674
9071670
9356424
9973332
9480198
8701185
9298858
2687571
137164
2236971
123573
8318478
7850669
523883
4526451
3017709
9232448
7131108
8156472
5467497
9936045
2847072
10032565
710410
531829
5592232
6386239
8342057
959400
7667488
1991642
4430991
8996894
7457988
8520960
9109777
6247472
10226731
9310163
4870370
9874290
9232106
10265563
9146376
10257571
9860178
742926
10190801
8221639
100144
9709216
8586940
11633
7654525
4899648
10156734
5936795
10114688
606203
5519248
9406539
10085474
8761423
5778264
5657638
8474396
3294944
7505936
5822666
9731068
9280054
99475
8659712
7679026
9762198
9649833
9658043
5043859
5990312
10241921
1251944
5524821
8160181
9981067
2497690
1993234
9337476
10064737
8408519
921731
9556028
2374427
9791064
9506324
9009250
7040486
8817997
7884081
9658663
4172799
10066224
8170879
4630799
6109170
8951559
5931571
7748043
10144400
3844405
3998722
4600611
8779843
9701547
10181675
4481134
8666818
9632557
9829638
404668
7724293
5796164
7526936
1245566
996297
6776582
9685762
8221504
5277849
2241310
7090463
8110232
6224831
8762299
8960203
9434173
9864271
2773759
9933678
9280489
9066141
9541182
1748457
8333099
6182937
10153465
7322851
9671124
6992337
4179586
1272013
5551259
6082274
9271987
7081335
267621
8372751
2862169
10065101
9312698
10214432
10042350
5184719
9773516
7733304
9136302
5237296
6637222
6393696
9397741
9327649
7772905
2922082
4733728
9736581
3645587
9811302
5654613
8679355
7631963
1593854
7098395
3926204
2548951
40741
8569859
9947477
7434957
9394402
2418947
7245792
3816081
9081494
7933196
5032687
8709443
3217607
10067772
8839418
2049398
8176038
9468743
3424227
7355432
4625532
9290854
8931314
2884870
7323275
8454757
775332
9242673
10052004
7129394
1439110
8821260
235995
7199389
10011135
527616
8380805
269996
9849021
7259312
7471070
7177661
176708
8839940
5566127
1607515
1413812
6101896
3279841
6765423
3680455
7283546
5435870
5831045
424679
10111548
5799499
3884029
1227915
1043379
1906031
9226479
6170932
9638414
9690312
10245134
5957764
9635331
5974564
4419076
9559161
3561416
4085435
2209863
9990693
4729662
9026641
4245438
5702030
9663538
389963
1906790
8602268
9835464
7902281
9779081
10274132
8990247
7210059
6585331
4741102
407232
10254923
9683525
4699924
4239847
26264
9143163
9663187
287639
6020988
7439223
9413515
9569992
9248161
9121964
5222213
4879638
9034617
9132416
1071056
10166050
6596257
9999525
6852435
8520191
6230805
7674213
9471956
32896
9145312
442705
9338696
3694206
54716
8763660
7882871
6733033
7129694
9850868
4805788
1610168
482757
8252587
1607020
9558039
7351638
6511433
747856
3499295
9344400
3988502
5531596
3292944
956129
2728072
9373743
6263849
6370697
9371312
6315532
9887501
8938604
8554811
7241797
7068603
9660844
6049813
7941197
3227901
7299645
7691765
7693178
5648460
7435669
5843302
8192920
9324383
6706585
5059623
276908
818728
6711424
7800048
5861617
9467073
2747758
7772368
4019821
6020106
4925185
9142573
65144
9666256
5636817
8713915
4248678
8886023
7077032
917220
4454185
10236196
10240118
9791507
2840138
10272816
5861241
7651117
8918563
6302976
5766533
7319263
10011779
9885787
5434070
9150660
356093
7771330
8214589
4641041
3122241
7905750
9015986
6651402
9296300
7907889
7013793
6332947
3195281
4883561
3363816
8386647
10189242
9418636
731657
9961225
8381506
7086350
4230925
10107401
4483031
9825355
7647281
569337
3340110
8553511
9470303
10216143
8759753
8505963
6906367
2316861
7528169
9929320
8196004
9854419
9589406
9440670
9666198
585992
10122209
8742711
8380070
7774822
9272388
1378424
8950969
2719723
8583411
9465707
8789344
5907606
7825054
9848292
5460476
9645374
824220
10122280
6255002
1154837
10038451
1522428
2231250
178267
6122458
2865031
9039472
9327254
9462487
10232235
9991434
4881356
8285511
9606684
3450260
6808750
7631443
7286587
3399721
8852436
4900355
6747004
8860992
5440713
1175139
3284962
7783415
8736522
7456871
9313152
9951446
286425
8115218
8747603
7716568
8637974
9470559
5068260
9543338
3074557
7650735
8531184
9244416
4610621
6093717
9138613
1865646
7856658
10136941
5719655
5681182
9382784
1703159
4329345
7515158
7672971
3101130
2483962
5295636
306148
1893026
5557029
5964098
10179435
9153564
10226858
7772711
1253368
9050187
3222602
6181785
7124022
10078940
9612351
9939732
2602912
7479665
6830812
9047089
8139639
8609400
9795660
6063865
4464607
2527895
9320336
5694108
1646240
8168194
9458480
7961363
8938696
1723799
2091680
10168822
9507023
3040762
4363979
4112461
5062764
5540670
10212945
2142236
366710
9786806
10132207
5228697
4771096
8775560
7229894
7825130
304799
9962590
9817664
6752017
8696730
4473720
3401757
9516223
10081859
6132613
6227154
9410714
9447291
6723359
9729677
9602873
1332680
4304778
4241925
982517
4204949
6653398
2069429
9921601
9291586
10277032
3097949
2386214
7731530
3834995
734251
8813261
6194341
8914565
6932989
9888978
7777849
5364316
6649023
6263865
762429
9131021
7526091
4920691
8768153
8333987
9522414
10149152
9846168
5824747
2619740
4280235
8386371
1633400
9066222
2992723
1798393
7185755
842944
5062272
4177836
8379556
9799504
8024169
8593232
6760577
10086008
10251991
3409698
7244675
8694298
6150881
4946226
5141238
299405
18861
9150439
7124287
3547625
9937756
8878033
8322589
7875056
8664152
10102210
3659389
5048816
9949323
4929205
9172378
5384161
9796472
4470072
9628467
10052678
9153275
9725214
8772531
427131
5050261
3407342
10020823
10003404
8560716
8013047
8710324
9464079
10252730
4710495
6236508
8622768
8664439
9282613
5571160
10004899
4228264
4771607
1908328
9581019
9589374
5735679
6829391
7928659
4650113
4351045
4157672
7014944
12666
2150647
487386
7986857
8559399
319182
913164
9446919
719310
6205383
7063509
8133433
780298
5814837
8626281
8508016
6231061
6810402
10277703
4248646
6996368
7971301
6831499
6673843
6831915
5787919
7446190
6734610
10099628
5824657
4614131
531380
9297134
8181531
8648367
9384295
7987630
7989079
8814388
9044932
9443268
5899928
2266086
10158596
7497695
4793069
4825624
3268680
57586
9523178
9619762
7470092
3394082
9737570
10243866
9505882
4790260
9045833
4818988
710567
9901870
8772441
9751497
7136594
9405558
8663944
1654557
8327789
4354931
2679971
9299479
9229795
9846874
6102099
7402701
1718989
10160648
5168622
166934
5581361
2448882
6302401
9951133
8627847
1230115
6286844
1640104
9839237
9419218
3402364
6947729
4066229
7870245
7833822
9516916
10211376
7250002
7839219
8076398
253509
7988124
1911918
8488748
9225088
1571668
8648758
9946107
9910103
9762676
5688690
2784723
9311922
9404987
8057595
5145605
5351647
5797328
6039872
113581
6241184
9207576
2343774
8093262
6020882
9218114
7782642
8613675
6976655
9790156
8743111
8153564
1160300
2046656
3857883
2192843
9296016
978293
9883186
7916532
8225461
4460880
9790211
6550903
8108090
84194
5527926
8917040
9362492
1600635
10073894
3517304
5331757
9984617
5299357
7616705
8370478
8178194
9503438
1600875
101090
8720040
2507434
10217515
673746
8099461
7089370
8620915
9365503
1678402
7349090
619876
1352834
8445227
9815821
3775927
5747077
9220241
8552222
8824453
8090
7557144
5531284
1576197
9842905
8594940
6211212
2128419
3930254
9166594
10082010
1543992
4401359
9339378
4712856
10154476
8716344
9871729
9426720
5538173
6999487
5558196
9683307
4584317
9850643
6898989
5435091
5161321
6320270
9620145
9226688
4470516
10188697
5257786
2096424
7975640
3692671
8485849
4874175
3339079
2166351
9543009
7662086
7038728
158110
9445454
1083957
9145671
1851
2084375
4823244
7473482
1953827
9191192
2986481
8979603
6968566
8767367
7299625
5247447
10867
9865464
7097264
4422423
8346021
8820120
9736535
9701446
10276080
9662879
7965147
7933239
8775837
9995855
8542613
9629111
1053807
5495988
9417015
9744001
9569532
9422392
10277141
408041
6344850
9995215
9316496
3794877
7554446
6819503
7772946
8752969
9232564
9967755
4937622
9394254
6915908
5780524
8513844
10209763
6335957
9647538
9675734
9428093
2077221
8164939
9757008
4115867
2053856
8864118
2718070
6484287
7240005
2988615
9745015
1823327
7703545
5736792
6040547
2156556
7164339
9956117
8377274
9694850
9193758
9556829
8617279
7009160
7318286
7316025
9989016
1191353
9390521
6705616
10154172
9243107
6524501
8637203
9527142
9290045
9604372
6976401
9985753
9540393
2076814
8364358
7443281
9325454
10143973
6044223
10092054
6476740
8148199
6349362
7799381
7683345
7688356
7917408
8642209
10017727
5063402
8778384
8189807
1419485
8919312
7672353
7802058
7513006
6779646
8009802
4903284
9924690
6352904
7854976
8524344
3360043
9042502
8449412
9747328
5569375
3534986
6848835
9617423
6394220
5936280
259893
5098238
7118537
9933994
8026052
6252521
2300910
9721624
1606921
6060126
6753658
5542903
9418861
6632014
6173091
1643036
10000607
2994695
8583151
2058813
9029890
5704955
7029496
10239214
8835606
8125002
10195796
552155
3877950
7105439
7313377
2208000
4286430
8417211
9698109
3220568
4410991
9233698
7612498
5698293
9526217
4675903
9610429
6213045
9886140
8359903
4664543
8893839
8366483
10012958
7666739
3091236
4528041
7054610
8663545
7994733
3401598
9156501
1344323
8600895
4873686
3966235
4917973
7108903
4669541
4634884
7997045
47784
4790221
7397461
2253629
5732088
7942095
7486491
8635951
8473160
1417740
3533729
8576913
3554363
9180624
6896862
1448649
2441126
8191586
9133605
10126801
8989693
984052
9752816
8326261
8284
4175382
9989094
9857195
4241873
4022078
8010901
7492309
7492732
8137671
6798254
6420274
7428433
5683189
9208480
8719921
4232548
8387212
3024896
7803899
9247831
6785243
3245296
1343676
7577249
1781265
7187837
9748914
10017929
5584187
9371278
8941735
10107299
3747069
9875711
10054919
10274481
8869490
8139730
4443036
5191606
8543510
7415980
8094637
7968254
2656439
9183784
5485613
5397103
4976468
6257866
7609000
9438082
9949375
7009171
3521936
4994879
9833050
8886905
9425194
8087548
2859305
8558277
9837122
8365686
9964883
5987848
8641123
68780
5297357
505501
8217855
9625671
2436659
1751205
1994679
10117844
6797024
173109
9121856
3977392
9685160
334564
8775145
6044979
9742792
4568056
5814541
8921978
9758515
9469193
6386772
7914202
204853
9976529
5915916
4820690
3554246
9205451
6466060
8013115
2334303
7457635
9569888
9848365
9563640
4967180
730253
3266350
3950034
9891854
7352925
9376665
8599798
6406912
8652594
6775117
9769420
7266781
6300302
3028537
6809646
6977098
10126523
9509902
8588489
360437
8274861
9819566
4886613
4581288
7299544
5356859
7669804
10008978
8530630
525638
5140486
6155871
9894123
2539307
7964604
8546432
4893996
6173284
8514184
9850836
3455780
8542409
8205328
8951178
5096350
8161680
7112319
418424
7704421
7215640
8568375
9309079
8878448
8067891
3935940
9946103
9388629
9335900
9881559
9665771
8014418
7444931
304150
8553861
5275798
6765253
8759393
9541056
8567657
5534926
3501696
9332381
6772918
5419400
9794975
3306581
9272790
7792908
9236541
1018831
9856164
5800414
5502072
8838041
8796952
115954
8666618
10214033
36164
5837782
9111735
5724112
4466378
8241449
3397622
6264678
9922433
9992247
9796586
6780642
10273285
7354557
7218098
7208743
9296276
9986820
362781
9472584
9658480
204462
3545112
8162158
856309
501282
10271585
9054529
9412809
9225801
853192
6097171
8183204
10029597
8096942
9538071
1430873
7296163
10049887
4799487
8173302
8217754
8506738
8932678
10206160
9715388
7677681
9688750
9238962
4439465
8953949
1207674
5493691
5453582
9793584
5308884
52171
7956479
7302103
2328011
10198093
7842429
3545460
7977605
8683009
7072537
5843027
10259094
4384706
5229372
7314895
10118942
2262249
850169
1141313
246204
7981252
6342609
7248902
10007629
2713279
9141413
1449086
7444391
8752991
156873
118927
1810330
586141
4471140
4174028
8821446
7802860
9885372
9950786
9489156
7675269
9582726
8365806
9916393
7229227
9729578
9523876
870010
5362732
4362581
53765
4409686
319737
8562334
8905216
5936750
4144511
8378625
3113926
1351145
510203
8366313
4901751
7527471
6829990
9790547
5273435
8845712
5442085
9802624
7165123
8703366
9995387
9885543
7247939
9831380
58738
9368057
585357
10124816
7342578
9706617
6205696
2036570
6731639
7472695
8594542
3778583
4714726
5840383
4555228
1217394
7223493
2027710
2484842
8379658
8377142
7581339
624978
10125577
3976118
10219378
9526783
8871826
9252540
530693
1439746
1767722
7077368
4320394
10273899
7523477
9688755
10191974
1722388
9215148
458861
3013859
2503499
9317542
1352519
1073200
5486357
497590
6416431
1435315
4203666
3293330
8565060
5534176
10113677
3262972
9727606
5125513
5023140
8955582
63841
6809339
9882879
1693061
9570089
8511089
1425938
8094464
7477268
1418173
674647
2919253
6711326
8464487
522126
8172041
7298462
9305768
8457746
7704518
2351322
1554555
4594030
7913691
467994
6576552
8251773
9989487
10143343
6988929
7937787
7501117
9617313
5843815
4662782
9857786
635770
9806920
7456964
5464930
3901980
9907188
1349024
9430549
6238264
6473432
6214038
6072225
7715547
9110032
10181704
7957461
9649424
7246138
6276328
2302188
5275408
8083360
7432681
10025659
6420634
9935385
4875018
6620800
6201095
8066955
5939082
6932002
10060871
6657928
8853994
5967128
8640970
7086093
4510700
4846414
8093132
6542241
9120745
8157059
1368078
232823
5780895
8728258
9881162
2777923
9616523
7734734
3960545
8506236
7145495
4906732
8770534
5820357
8919354
2994293
8704347
2826732
8357892
2012886
5548864
3051669
5038627
8876893
9841597
10247986
5421227
4159149
157974
8370086
7746157
7119526
170870
1184877
9418826
9824726
5314703
8867558
4583763
8518278
4633104
9475663
8915603
3065933
70008
2443950
8682860
7764400
1144817
9141598
8435710
9192483
9319401
7439240
3447949
7898805
1407964
2998884
10275504
9630282
5589509
9325363
9878429
4763583
9237716
4998746
9274899
6212881
8846851
9807998
6983606
7455527
7432429
5022145
7708286
10262503
9648521
10092528
7856808
1876716
6017377
824401
8699578
9094680
10180342
7308234
8821342
8765280
9835888
5336827
3937475
6723715
4688930
5040640
8021380
9945267
4073771
6656908
8162004
4276330
7744287
3966515
404288
8844388
5445466
8865565
7904450
4792330
1677284
6148535
5995964
9264638
4275351
4403385
1131776
9055317
9452227
9762080
9986031
10084305
5802318
8885312
3671661
8764536
671790
9825329
4763671
6767834
9166167
8117357
4434607
3382352
5800910
8159078
8167677
9112416
5766703
9085416
3878895
8979182
9235107
3918184
9308174
7211109
6518326
9423596
8717075
7281543
9690650
5857468
8771808
6988152
2541728
10107833
7815727
10098550
9165792
8539368
9353652
2983700
6333210
10155345
4787209
2235528
8926292
9137434
10135719
8371187
8013614
8814952
8724656
3281705
4565607
6009158
6326805
778203
10107726
7698704
8837328
8888611
9262956
8007987
5155477
9876090
3070710
3200000
3914112
10034833
6060921
9985937
6964056
6283215
8449278
10125637
4350977
608869
6976711
7994562
5586778
9607833
8725527
6293444
3951930
685384
7098721
5805907
7118700
3620538
7186271
5981627
2270292
9324247
8097082
8822017
4015678
2918301
2593378
3477033
243142
9758753
10223633
4177672
9581978
7332659
10262516
10022130
5566549
599230
4177573
7571802
9255423
8895249
9994442
5223886
3469924
7656927
7214530
4427174
6959261
7545542
10237919
8365881
1480028
10057579
1253774
5349565
9591542
5890764
4327080
9827981
9156291
8334994
9049649
10009759
10270213
5896638
8077755
10140098
8045480
7228517
9369854
9287244
9572240
8375369
6993164
1814168
9022664
7687925
7368515
8961182
6284304
195683
8895322
9335071
7305300
9539644
10275492
4773462
4271963
3294238
5840369
9360560
8956504
8609968
10248195
9844172
1427883
2005655
4134743
7534041
8181742
9297954
9671580
4210552
221595
3220426
8771746
4473310
8197581
1676428
8837761
5278350
8751402
9416528
8483345
8628305
7289166
8192266
9011141
6900881
1709283
8027099
8156893
39639
8817486
8796184
5773474
6234469
502442
8711719
9380404
7095993
9882137
2563157
2181069
8844030
9304884
5505802
8817480
7416900
6683981
2450439
657926
9210627
7136565
9036751
3828986
7477566
9743409
8681398
3620428
8768753
8789341
5136733
9611432
8757576
5494222
2338392
3896099
9126911
10223491
2983134
7122481
3544246
10266236
9643697
9224872
154008
6977327
8348727
6384837
1241579
8379149
8601867
2077180
7518264
1907358
3167467
9134209
10068153
7191789
7960724
10272883
7429350
9646143
3653446
2951145
6661798
6959092
9971676
10275655
8822106
4562086
1961922
8339871
9974215
5787296
3090183
9765716
10268287
7894913
5616765
1370053
5938079
1341774
4448339
3765946
9947563
221906
8200140
9862408
9629375
4585328
9455602
5970512
8897804
9979463
9910631
8833449
9954697
2640627
7497024
10117407
8023015
8865961
854541
10235375
3830959
9279838
8205919
1335318
7873269
8030692
6005824
10043572
4886302
8612493
9850361
9742066
4698377
9563559
9868935
7970515
8699134
7997993
8619777
3187772
5277603
9966393
236395
9523155
5387533
3807574
3519252
8457827
6409038
844432
244137
9564477
9342442
3565723
9822260
5200606
3343037
4499871
62087
9871713
7516782
7902230
9206650
2787123
8161755
7521003
4016193
3872118
9052360
5705486
137380
7512149
1947961
8727932
768854
58940
342699
8192798
34124
10107644
10223038
9323875
5247955
9906143
4409316
10150461
3356680
9868405
8806423
10037901
4339077
1090290
9633551
9037756
7926036
6315043
8445567
9778435
6310604
9488720
9251397
7825959
9745523
9756530
3988731
8562307
3434027
9709066
10160813
9116659
2523215
6165099
5824722
267520
8818728
5861367
6519415
1165634
4241454
8961845
7118536
6385671
4477051
3707554
6232320
5553780
2854944
4869929
4916455
6038314
9936519
9912932
7960536
7626510
10159457
8622463
1422708
4576756
8779370
6270596
4444202
8115382
2590944
3564493
10078456
3907679
3045135
5436136
250638
10099099
6332901
5436915
5450106
5381648
9253193
2023990
6067216
9840982
8195727
6123530
9807133
9772492
2932900
7777813
8853015
5370726
7017933
8668665
8669661
3263890
7274330
8301705
791996
9533501
10238887
872062
8657893
8541577
7462111
9317518
6626450
9996363
1623706
8204845
2357338
9681102
8154093
9456119
6485319
4418015
5132639
8179135
10167494
7245516
315436
8825112
10164233
5694133
10260076
7604337
6882339
10094489
9986775
8204802
10217416
6122069
5890659
7929383
6882326
9665004
6283247
8730650
2984882
10018785
4549827
9569074
9341550
9444153
7328686
5634892
6280089
7722415
9089571
5543410
8630571
1907223
7772136
7102329
8555906
3601771
9109485
9290787
8576972
9650398
5757196
2114725
42910
9248720
8360985
1065063
8521184
8391188
366896
3828346
100481
1274
9628757
8534394
8439973
198155
2288728
9908165
7876081
4804086
9832673
6049530
9844458
9690484
5053847
9611538
733906
7478480
5473407
9822472
8522681
84954
8680304
2851544
9856738
9493647
8925183
8985754
8014258
2516626
8721791
10099606
4350481
10043201
8069556
9154900
728275
8914577
9413072
9649094
3846067
4954226
8065
10081576
4282247
376428
4737741
8675713
9538015
1598026
3515745
4851317
10060453
4531835
9644499
3373766
4869413
10250912
6659149
8649812
8142288
8772114
6969141
881865
8817684
1192894
9849419
86106
7120168
3638902
9589928
3338371
7170767
9321864
8615279
10116489
2755149
5860315
8300067
1565294
6987583
10018831
7795347
9391455
8486485
9211921
9416662
7569992
9339959
5431689
4780445
2967623
6093043
5282081
4947848
3619458
9912694
8729941
8818342
8360748
117697
7564326
10208601
6672357
8581530
9451021
10268521
10149031
9289123
3294854
5284352
10024524
10074459
5177303
9369047
5985243
10103255
5132104
10115420
9684734
1323328
8129509
9230797
9663349
2341848
9735762
4935402
10277641
6333625
9333803
5729318
9977293
1431890
1510689
6155347
4663025
9815594
6766562
276797
8568904
10227204
6321737
6141457
8086517
9849046
7479371
9337665
8004129
6549070
7008210
9895515
1650924
4521075
4554621
9931568
8896736
10167207
525303
5803980
142684
10068251
1584769
9841336
7710606
10237872
3509400
9793545
3605947
1407588
3442231
10232855
7525481
9652869
4656833
6085571
10181226
9874078
7326625
8723017
9804279
9910232
6039126
8982261
8569616
8016839
4762727
3228513
10035316
785534
3384300
9103794
7843016
9956700
3477207
9760944
8868738
8849472
9845514
6387371
7608012
6096941
4921058
5455253
7197881
9840980
3257853
3399572
9501951
5916807
5796829
9580102
8069783
5862385
2602787
9341404
4818147
4076635
10045326
10150712
294803
10137305
6627225
5195445
852163
9264410
6893054
9950887
5878577
6826699
7484475
2502346
7980159
7395800
9083481
1529865
8425305
9124200
5235308
8191589
9566221
8000731
134798
6334636
9601304
1050028
9501525
5440565
5866900
9949441
8089681
3844793
8606100
10243855
9419377
8369618
9850546
1906580
8919341
9127020
8820267
2130269
7473539
8974196
3608055
9440757
6083008
1571727
8674741
9654807
7535655
8519471
171480
8935304
7006623
7574140
753113
1529681
8347075
799284
9998209
7532772
8632743
9502662
8188861
322522
8536350
9952932
7165384
6110948
3314641
361256
241949
5543759
2429108
9823623
6116977
2360735
4804598
9740011
8888390
404667
7268033
23174
9847164
9991135
9022746
8012862
10111010
5584845
5002617
2666189
9064887
5840787
6018565
1194223
2958196
8617274
7734211
2860701
6658959
9372817
5171680
10093098
6565571
3643303
5982765
5710763
7132924
6242223
669470
4449273
2590934
6715835
4702764
6034895
6854738
8061881
7789587
9326954
9215024
5856995
7086051
7796782
8635429
9314616
8878048
10036824
9910396
9567197
6995414
9960912
1955231
689615
2082237
5113500
6639436
6992878
4843680
6971597
9813750
8363292
7648802
6837267
8696821
9393515
7037790
9998402
7234273
9911421
7565415
1530879
7074094
4931435
9756192
6621456
7614088
9250817
10196806
4359227
6164860
10149233
175054
4830495
6690257
10129403
6883178
6358951
9312470
2864806
640550
9998548
9573525
2460341
7229572
584620
34339
6037568
480891
8070689
9810690
7945296
2913551
9964991
2968565
7126717
7577432
7117620
9088065
10090527
88381
652005
5514873
8924650
8731928
6940593
8602482
5168513
4947432
5947738
3943552
4473178
10264392
5347773
9156807
7813649
1897720
6825595
3964050
9526099
10249963
9797982
6290201
8099614
4794499
8023144
6437122
2574454
2747530
1300349
8669316
9251651
4910904
6349333
1988039
1956291
9528082
5834795
9658426
2247856
7638229
9490693
9838535
403420
7503075
4989974
8899728
775509
9308664
5787871
7859666
7424031
5830147
8754754
6006410
3569684
10145530
2759339
558375
7136855
9978702
8949897
9708064
2791074
307958
8657276
1003285
9970382
9471890
8666222
751762
8502391
8635956
9430380
7517102
7863312
9243415
3782324
9349168
8635456
10112908
483333
9270169
8582196
3594855
3286293
9817824
9868290
164514
4781880
1082598
1882820
1385942
9504429
9757343
9615716
6683750
8504064
9962740
8186722
530245
8912109
6884999
1185646
4223694
5800044
7574457
10079114
1544464
8544678
1580380
4379248
10013612
10000978
6328084
4273966
4275589
1132409
8715883
3983445
9378768
5017089
5727788
9469809
8209873
909335
6910486
1376314
3562646
2218559
9279528
9998507
664173
1692088
4929809
9338413
8521824
8890821
6252368
159788
4268419
7573415
5371361
9914288
3626138
7650105
6366217
10263056
9917567
6925372
5867880
6696225
6398462
2229227
9409038
9273757
2011700
9446930
9337303
8332466
9571952
6415547
6709527
9691785
5300304
89014
1865109
7530635
5188238
9906041
6384490
8694406
7800993
10155127
739483
9101303
4541288
2125563
8776409
3836295
9770156
3805716